147 5
19 10389
39 1017
71 79
180 2
130 7
324 1
66 142
307 1
138 8
171 4
170 3
11 46555
14 24793
24 4964
37 1181
146 9
140 4
185 2
204 5
212 2
215 1
1 607799
63 280
17 13774
12 37025
38 1106
203 2
211 1
228 2
94 30
100 27
160 2
217 3
21 7483
112 22
139 5
77 56
184 2
22 6518
131 10
59 169
255 2
194 3
93 80
113 61
126 7
118 134
40 815
165 2
58 232
136 3
31 2242
196 2
168 3
96 31
137 9
81 47
229 1
82 50
28 3160
29 2806
79 57
98 27
30 2330
127 10
191 4
92 32
161 2
57 294
110 14
149 6
106 15
83 41
72 82
9 79219
49 458
78 128
144 6
218 1
109 21
178 3
167 3
84 86
122 16
115 14
187 1
56 389
15 20242
76 102
95 36
182 4
208 1
73 71
32 2127
181 2
227 2
124 13
164 6
206 2
141 7
143 7
221 1
7 141773
8 104232
223 2
174 2
44 653
88 46
151 5
34 1531
101 106
4 420705
150 3
153 9
134 9
193 2
412 1
289 1
80 50
105 24
125 13
65 105
157 5
35 1521
104 29
111 24
152 6
202 1
74 135
89 35
90 39
238 1
18 11800
20 8813
103 20
199 1
99 20
145 6
224 1
162 4
41 865
253 1
120 23
169 1
53 263
261 1
25 4274
200 1
166 4
46 585
142 6
213 3
62 168
172 2
33 1796
23 5940
264 1
284 1
6 196215
67 108
69 90
3 608010
135 8
85 60
60 231
114 61
86 42
91 33
123 15
176 2
87 45
26 4202
5 287609
2 741112
177 3
13 30420
119 7
189 1
52 311
225 1
271 2
197 2
239 1
287 1
16 16802
55 269
323 1
156 5
158 2
306 1
54 382
107 22
121 13
286 1
50 392
36 1347
179 1
64 160
75 81
51 424
188 4
219 1
133 13
205 3
154 2
45 571
132 10
173 6
70 165
183 1
273 2
108 21
43 771
10 60004
148 3
159 4
61 132
47 557
280 1
276 1
97 24
116 17
48 423
128 7
117 16
207 1
27 3417
233 2
42 824
102 38
210 1
245 1
335 1
163 2
487 1
209 2
68 101
155 4
129 6
