106603 106611
323847 464292
323847 464294
301256 907112
1155014 1153735
1154786 212152
1002749 1128324
465317 465316
465317 465315
464977 334253
465178 465179
372688 4169
344502 142898
372052 372053
3715 3710
464624 58922
1416262 1416261
106599 24776
1282961 1282959
69558 465148
69558 465147
209839 163809
142898 465071
142898 465074
1155107 1155108
462064 1283772
462064 1283773
145883 141344
164799 373163
1218536 443845
163809 16767
115775 111580
45333 163629
371385 371386
371385 371387
464291 464290
464291 464294
67589 371107
67589 371106
16270 211418
140754 140755
140754 140753
463802 463801
1416395 1416452
618759 544551
24780 214373
465808 465809
179366 179367
464978 359676
96837 116330
23885 1284012
372001 373049
465317 465314
38993 618976
120146 465950
179308 179307
159267 464155
41299 1282279
464852 464851
1289704 1289705
2559 1033182
465148 465147
617035 616720
614577 614575
303311 304079
463650 147414
1127419 293245
465792 139182
464622 419263
1162029 1291989
130406 59079
1219916 1219917
464938 464940
616977 155471
139503 146016
760257 478065
1039393 1258764
1289673 255402
465932 465935
465932 465931
465932 465930
723197 723196
465948 38449
465794 465245
466337 118260
122518 148642
372668 438554
164195 267029
67588 371107
139252 44914
625391 775300
464926 157081
1416262 1416263
464776 423921
181067 68831
625403 100512
614575 614576
100407 371660
996012 1129111
371752 147351
164195 120165
465606 465607
163878 356680
590336 402140
464109 464108
1289934 73028
72116 99798
465371 465369
36452 143173
163593 371846
142145 142146
142145 142147
716772 1114776
67331 1048038
1292127 1291989
323847 372512
163709 23899
616861 301427
614644 614643
614644 614646
614644 614645
465791 465245
464926 464927
465934 465933
465934 465932
465934 465931
465934 465930
465934 465936
303378 91946
1283106 692089
163889 1282287
253641 1218637
614820 614819
267005 618600
616439 616440
819297 819298
1283106 1283107
466476 466470
466476 466475
466476 466474
1153854 1154836
465530 465531
1457424 1457244
72116 67285
160462 164195
33379 179309
464109 463746
1292097 1291957
1153820 87399
410826 1211811
419243 419242
361019 65446
70129 445613
16767 209473
419263 58922
625401 625402
769863 38449
1411559 76713
1416920 163343
419052 111580
139253 44914
464611 419226
44564 1289800
146266 142926
146266 142927
463748 463745
463748 463746
463747 463745
463747 463746
463747 463748
160165 649842
625390 625389
410616 1451590
464014 464016
1292208 1292209
465243 465245
1283439 680798
464764 464762
323177 1154659
323177 1154658
261806 71326
1030364 683396
465075 371867
143306 464851
1127418 293245
465070 142898
372001 373050
27157 211974
466137 466138
466137 466139
466137 466135
466137 466136
143032 1490684
831065 163709
1219613 1219614
120146 139163
159267 464851
465012 465014
371832 371830
66415 179341
3719 1411030
465308 465307
1416588 1416380
159267 140055
27157 69558
463957 67030
373428 163856
464632 464631
1066073 1212932
464569 163231
371006 38449
466045 466046
139401 465931
139401 465935
464977 464978
371392 371393
371392 371395
371392 371396
371392 371399
371392 371398
234111 33533
303968 10834
303327 303326
36452 1284411
214373 100407
1457244 1457350
465932 465928
465932 465929
465951 371006
140216 27014
1207602 162564
334738 372085
303967 303966
907112 280949
464612 464611
371396 371398
371396 371394
371396 371393
750859 398495
143014 1003688
463801 402208
371397 371394
371397 371393
146653 146654
28057 874768
1257069 1345541
1162029 1292388
465010 465015
177199 33046
723280 723501
464977 359676
1207701 371594
66777 402770
24747 4537
677695 211738
463959 463957
371074 371073
209133 38449
371847 371848
371046 371045
465070 465071
465070 465073
465070 465072
465070 465074
303290 304190
464305 464306
464305 464307
1213347 464729
614719 614721
465934 465928
465934 465929
464798 464380
139251 44914
465530 465528
465530 465529
67587 66784
372053 373429
33379 179311
33379 179312
1115224 1154093
819299 819297
570143 1289718
361072 81379
294803 1155212
371440 371438
371440 371439
439788 372548
614824 614825
702589 155471
466005 466006
464540 214621
49511 158167
645638 1283772
645638 1283773
304106 303311
464775 423921
464822 360993
148973 1289995
148973 1289996
9226 106641
73375 58900
1211671 1211672
1211671 1211670
300729 677761
164799 616522
466470 466475
27157 465147
27157 465148
27157 465149
625408 625410
303311 303678
419195 371006
1416737 1416738
1218791 1218792
142443 142442
463863 463958
463863 463959
463863 463957
371904 371905
410616 1027025
133049 373234
133049 373233
133049 373232
79047 1382935
464937 464938
464937 464939
301126 616594
1220561 1220563
1081908 323812
163856 372053
466338 118260
231994 464616
254035 112080
371831 371832
371831 371833
371831 371830
614578 614576
75404 1155607
466474 466475
371661 49177
70660 760256
614645 614643
464569 251118
464824 464823
464824 464822
465308 465311
371399 371397
1283409 1283410
147469 439514
1218930 591994
1282962 1282963
464003 464004
163626 120146
371661 24780
464294 372512
1108781 1108782
614720 614721
373055 465971
1411106 1411107
159143 48805
372679 371373
372052 373429
372052 373428
465371 465367
464133 464134
464133 464135
372001 372000
1461966 1031287
692089 1283107
1411418 1411419
2556 463891
2556 463892
775301 625391
303329 303328
465014 465010
465014 465015
1153733 1112956
120165 61788
371660 371659
464293 457945
465799 465800
282526 1290019
616371 616370
1491134 1061659
88646 163717
209839 209473
140791 66926
891685 1416825
16946 1382873
618057 298169
418978 70111
618977 618976
100404 371272
187274 66501
463699 163807
646327 702237
237701 250044
616659 616660
401984 400338
1451591 1027025
616371 58252
1475752 1475751
159267 464152
159267 464154
1244722 993095
54252 371681
464624 419263
81379 543305
1282502 464939
371006 465950
1154079 1212041
464374 464373
464374 464372
819320 464447
464148 463714
787887 73028
464570 251118
225477 723660
356653 616440
445384 702486
466471 466470
466471 466472
466471 466473
466471 466474
466471 466475
466471 466476
464957 464958
464957 464954
464957 464955
464957 464956
17403 419196
372325 372326
372325 372327
1154889 1154890
464956 464958
464152 464154
466384 466383
466384 466382
466384 466385
463713 463716
463713 463714
463713 463715
1282961 1282962
1282961 1282963
1282961 1282960
1129607 1029251
67064 419840
1410770 1218750
115775 419052
463863 67030
142525 142526
22872 225512
591870 463749
116330 372713
371399 371393
372171 702
163955 372408
464955 464958
464955 464956
464955 464954
139182 465791
373143 373141
373143 373142
419570 419569
1211671 1059526
35940 3709
464712 464715
874591 165146
465951 120146
1129595 1129592
1129595 1129593
1154133 50278
139182 465794
727245 324158
723646 127003
145362 1435281
98680 72115
373043 373044
465422 372194
1220562 1220561
410152 33046
465528 465529
411898 159267
1218580 549076
466383 466382
372900 1218896
247994 466114
1490948 27062
465072 465074
465072 465071
463953 463954
372851 372850
24780 49177
1107176 1107175
1107176 1107174
1107176 1107177
146652 146654
146652 146650
213410 372040
213410 372041
303330 303329
1218930 372157
344408 547334
67554 254035
66545 1289888
465310 465311
861887 591994
402140 324158
372408 122518
48808 132011
465936 139583
46425 723539
463666 463667
1457235 1457234
1212002 1212003
146267 145597
723776 1289739
465072 142898
344502 445526
1111735 1112332
361087 614855
300729 211418
830901 165146
646327 148988
616720 616102
304282 304281
120165 267029
371438 371441
371438 371442
1027025 1153701
464713 464715
163209 163210
304106 303678
732258 851966
466473 466472
466473 466470
466473 466474
466473 466475
466383 466385
464823 360993
465297 465298
465297 465299
465933 465932
196873 1115602
1129595 1029251
163626 465951
1166093 830947
371689 371686
465012 465015
465775 465776
373049 373050
466139 466134
466139 466138
371006 465947
371006 465948
1127228 110826
819307 819308
1211811 1211809
372788 163631
204580 614856
463865 463866
543334 617347
1127418 56414
465309 465308
465309 465307
141336 371972
141336 371973
717340 1081627
419619 339003
465132 465135
465132 465134
1163741 294783
1029251 1129592
32927 32773
490117 73724
2560 2559
463699 463700
463699 463701
144052 1129132
465369 465367
464409 464029
371728 371729
464937 464899
39971 618600
66828 267332
466082 466081
395722 662744
1292057 1457658
159143 26061
163955 148642
1411272 748028
410151 410152
370983 370982
464293 323847
625414 352442
106611 372288
155471 33596
59724 39119
373220 465054
1039780 401964
337585 618759
463700 463701
466443 466444
466443 466445
466443 466446
1416890 1416891
465930 465935
465930 465931
211974 465148
69878 614648
42628 372384
1259091 1040087
1457841 402694
371014 1416503
371014 1416504
209839 465291
1284412 36452
1212967 1212966
164195 20066
16596 1595
1212932 1212931
234121 179374
614574 614578
614574 614577
614574 614576
614574 614575
1457412 1292404
713367 819303
1457275 102049
1435246 1435247
143113 139320
465315 465316
463853 464380
1284190 1284189
303330 303328
142736 464759
465794 465791
464409 464798
38449 775261
371106 371107
724438 1154591
464621 464823
122001 179349
270433 614755
161266 160532
1411147 1411213
466138 466135
874773 466030
464813 40499
465807 465809
49177 214373
371438 371439
1211672 1059526
117873 372055
163809 209473
373428 373429
464984 1081671
615956 615957
615956 615955
615956 615954
464622 402422
371479 371478
702284 1430909
179333 179332
713367 464447
371020 371022
819303 819304
142147 142146
1220687 1220686
992994 219530
179310 179312
732258 267108
419173 1467392
464293 372512
464938 35620
78779 5437
410151 33046
6999 1114868
465934 139401
1459747 144128
304227 144128
465928 465929
46425 723538
399625 1490954
33638 5441
66926 580954
163623 851999
723071 723072
677695 69619
463960 463863
342967 723068
145526 145524
145526 145527
304281 142383
266892 67587
465297 39119
165059 172535
372849 372850
67285 72112
464610 464613
464610 464611
7785 1451293
891763 38778
337585 544551
1218746 1216684
371415 35538
160462 120165
465244 465245
179302 179321
472237 458410
1127419 1127418
464764 81315
464852 143306
372726 1467313
142147 142526
367369 1383705
304106 303368
874768 361276
614644 614642
465950 38449
106576 164616
576712 1410979
107338 137653
16968 371823
372343 372344
1211715 5476
372590 372589
303368 254035
267371 1021290
67285 1289938
179369 179370
1451624 1283713
1289801 569643
814686 15226
464458 464457
464458 464456
24780 100407
68038 33262
466084 466085
1414123 1291894
464684 464616
465930 465929
465934 465935
146650 146654
465930 139401
465159 465160
1467706 1467704
463802 402208
775263 769863
465011 465014
465011 465015
371934 371932
1389665 164828
819303 464447
419326 304241
617644 543305
321544 321296
303966 10834
464682 464684
464682 464683
402422 419263
464291 372512
303337 144745
466136 466139
808014 1382897
617035 616102
3719 64225
464231 466061
464231 466060
727245 402140
338381 465299
338381 465297
373142 373141
76713 876259
1467489 1081705
464015 464014
464015 464016
617904 617903
464954 464958
465915 465914
625391 625392
625391 625393
76421 1383169
465948 465950
464148 464147
306667 906907
987349 1259538
463875 464683
463875 464684
253351 656624
1416398 164737
1411026 1411341
323847 464291
323847 464290
143245 143246
1211810 410826
141200 141201
163856 373429
143399 420239
282526 1290020
465947 38449
105258 372951
17129 1595
266892 267029
163623 148941
66827 145256
227322 22872
614564 614730
1128562 1128524
464238 464237
371968 301427
106645 544551
59860 209473
24780 371659
1066073 1212931
139316 371208
563341 1292464
371340 889358
25628 465243
25628 465244
25628 465245
95838 410616
54252 426720
1218792 68753
723182 723183
465928 465931
465928 465935
23885 1282897
65446 40553
371936 371932
845910 132
464290 464294
1410978 576712
948035 948036
948035 948037
948035 948034
122392 617983
371903 371904
371903 371905
1219686 1219687
1219686 1219688
465245 465793
1283172 1282348
410616 1153701
1257069 140905
466473 466476
419300 66248
465934 139583
464307 464306
464236 464372
1039780 1259452
7819 553244
465297 465533
402864 624298
165006 17689
122001 371215
1218931 213285
614634 614635
1129593 1129592
67898 552335
148939 66248
1451591 1153701
146016 143633
465390 465391
487969 1030462
141335 371973
371929 371930
371929 371933
371929 371932
371929 371935
371929 371934
615955 371968
106630 38778
465073 465071
1107174 1107177
490117 141294
2560 814684
99899 160165
465806 465809
465806 465808
465806 465805
465806 465807
303368 303678
139352 146111
1129607 1129606
93912 948036
93912 948037
371833 371830
334253 359676
139503 139735
179375 32831
616419 616418
17648 140970
58922 464623
78779 177246
1451016 268077
464447 819304
1411392 1411393
411547 615955
419237 1219731
1260154 1260155
1423083 1423023
33379 42341
463853 464798
1457275 1457274
372565 233106
42628 1283549
371968 616861
144516 144515
144516 144514
614583 614584
614583 614582
723194 723195
18601 30982
464146 464145
464621 360993
616887 217352
1292388 1291989
142441 142442
142441 142443
371225 371226
338381 465298
1284576 1213347
1154591 1155920
361072 617644
481696 267332
146267 146266
303378 191761
5463 38449
1284376 1284375
347458 547387
1283773 1283772
252952 68032
1116758 1030640
120165 20066
163809 59860
464520 464517
465481 465482
465481 465483
33278 33276
464146 464148
464146 464147
463976 114052
142663 1282241
371931 371929
702485 445384
372978 373292
176931 1289753
176931 1289752
464613 464611
1108799 1108798
142927 145597
466139 466135
466472 466474
142443 140259
1063473 1291894
164677 47793
281098 1218799
948035 93912
723145 723146
1258322 418947
303913 372695
148954 727215
618684 1031657
26742 165165
465936 465931
1129594 1129595
464899 464939
464899 464938
464714 464715
1114548 1045870
234125 234126
267108 1416891
289942 1284596
464457 464456
120165 371041
142007 38825
1384486 399931
33262 373232
33262 373233
464937 35620
1458755 458410
370983 179349
159267 143306
1458755 63635
465180 465178
465180 465179
81315 464762
179303 179304
465606 164565
352157 1154476
72209 4364
98719 1030640
90999 99798
769863 5463
616862 371968
1054976 1212003
1054976 1212002
142441 140259
371440 371442
16767 38449
371394 371393
140905 1345541
63635 458410
218224 120165
142221 142222
2222 1289996
142148 142526
142148 142525
464108 463746
163717 702380
464776 464777
420582 301397
303967 10834
547771 445613
71654 72112
30982 402258
1430958 702964
372000 373050
95838 1153701
32831 179374
128116 543305
145525 145524
145525 145526
145525 145527
1111829 988267
465932 139401
1033568 433807
464778 464776
1211171 1284576
69619 3709
808014 1383698
465949 38449
419242 66501
1467340 303681
402422 58922
1112002 1112003
225512 238598
51565 464808
371038 372117
371038 372118
464145 463714
948034 948037
948034 948036
398450 1292404
466338 466337
463688 463689
105570 419142
464545 464543
464545 464544
1411175 1411174
139735 143633
24780 371660
614729 614730
464682 464616
463764 463763
163717 702412
24478 1156038
1108901 1108900
209133 769863
465607 164565
373410 36822
68753 1218790
163809 465232
371386 43342
702437 527708
231994 463875
464373 464236
304282 142383
1382784 1282555
19729 445613
465314 465316
465149 465148
465149 465147
1029251 1129593
775263 775261
464778 464775
464778 464777
465942 465943
371931 371930
371931 371932
371931 371933
371931 371934
371931 371935
371931 371936
372040 372041
164213 164699
463859 463860
106603 371846
464763 464762
464763 464761
464516 464520
146267 142927
146267 142926
43342 371387
163248 1155072
139583 139401
106603 163593
163626 419195
1289673 313431
625409 625410
464824 464621
464669 1435209
1282962 1282959
9137 158998
464153 464152
1282311 1475751
33262 373234
47572 1451542
47572 1451543
420582 175268
5463 775261
371884 371885
33596 311611
1258115 1257976
304345 303871
464518 464517
464518 464516
723460 723195
723460 723194
466141 466142
466141 466143
303474 303475
464927 157081
409032 618976
1416885 1416884
303313 112080
1435281 40952
371272 32174
616370 58252
464029 464380
179330 179329
144515 144514
821681 1211123
466137 466134
234115 234116
1282897 1284012
992999 1112011
466382 466385
419237 1509
372408 148642
616862 301427
1207664 1207663
372638 196177
464713 1282587
67273 1218602
372000 373049
466082 466085
465531 465529
465531 465528
211738 69619
1063473 1414123
1291989 398495
359961 398450
122235 3709
464713 464716
23248 31094
1155735 1155734
48827 371043
2559 814685
303999 77171
463960 67030
371169 16968
323847 457945
1467706 1467705
463672 463673
819311 819312
1282250 1282249
6686 139044
617393 617392
140755 140753
465159 465158
504416 1282448
465012 465010
1521580 1423067
618641 729212
948034 93912
465929 465931
465929 465935
73853 1383694
98719 465419
464813 98719
465808 465807
372247 18589
506071 614825
161294 4537
830878 61788
465949 371006
702302 252320
26061 48805
359941 851456
224874 1260154
224874 1260155
139503 143633
934189 215406
373234 373233
373234 373232
42341 179309
213410 372039
141336 141337
141336 141335
547387 142663
615954 615957
371930 371933
371930 371932
371930 371935
371930 371934
1211171 464729
1031494 395722
464764 464763
464764 464761
464017 464016
464017 464014
464017 464015
371972 371973
464165 464166
464165 464167
371385 43342
465311 465307
293245 56414
143126 66784
464616 464683
464519 464518
464519 464516
464519 464517
465689 465688
464622 58922
1451543 1451542
371440 371441
419767 419768
778332 226609
18601 402258
146651 143910
32017 371846
464777 423921
141337 371973
141337 371972
33638 234111
464516 464517
66845 372988
466470 466474
141920 143244
141920 143245
141920 143246
361072 543305
625409 625408
1220562 1220563
465947 465950
1282962 1282960
1457244 1457425
139387 139388
139387 139389
141335 141337
464135 464134
1213394 1213395
139182 465245
26025 372668
465217 18970
2222 760254
88646 702380
715390 63635
1383466 1383467
139817 139816
47140 67843
465933 139401
211974 465149
211974 465147
464569 464570
1155357 212152
463714 463715
465928 139401
371392 371394
371392 371397
139182 465793
520773 1291894
1384070 209648
425814 1382633
614720 614719
314596 323257
614646 614643
614646 614642
614646 614645
464624 402422
371159 371161
371159 371160
1154567 1154566
1155635 73537
49783 165146
851695 851696
371386 371387
254035 303678
1259522 1259521
237876 723501
89439 464633
24774 24775
163231 464570
32788 132011
215569 372548
463712 463714
463668 463669
463668 463667
463668 463666
457945 464292
457945 464290
457945 464291
457945 464294
1282897 301208
401964 1259452
1282916 54252
179310 179311
1488 819289
419879 466140
465291 38449
372326 372327
133049 68038
16270 30982
826090 176931
31808 323812
1154797 390242
73956 1114648
464373 464372
464612 419226
1031494 662744
214373 371660
162062 372157
30681 830951
625386 222035
27157 464621
69379 372927
625392 625393
1198960 1475885
106643 616972
419195 38449
59724 465297
143910 146650
143910 146653
143910 146652
143910 146654
616862 616861
28057 361276
304025 304024
63635 65961
344408 120165
465073 465074
465073 465072
1291989 750859
32905 723539
32905 723538
464522 464523
992983 447128
715390 65961
1258329 420728
625381 625379
129891 35538
1284236 304227
1218792 1218790
465075 465076
614559 297443
463958 67030
373428 372053
934874 402829
464939 35620
314563 625404
465936 465930
465936 465933
465936 465932
465936 465935
463972 464569
615955 301427
42341 179312
42341 179311
148933 400338
1284576 464729
465483 465482
373032 373033
334693 372085
1218857 81170
371396 371399
371396 371397
419173 612253
730329 1155659
40499 98719
373416 373415
464519 464520
1411106 1411108
464409 464380
464153 464154
464153 464155
419195 465950
464761 464762
464136 464135
464136 464134
464136 464133
372117 372118
465134 465135
106645 618759
500518 557087
179305 3251
144635 141246
338381 25621
463933 463932
465537 465538
1430625 1430624
723553 723554
465947 465948
464155 464154
464155 464152
179305 179306
81379 128116
419242 187274
723263 723264
16270 402258
713367 819304
464899 464940
1467313 5428
372646 464543
372646 464544
99899 1166073
465951 38449
616741 17846
1382897 1345855
465951 465947
465951 465949
465951 465948
464988 41737
463959 67030
373387 70323
734644 149245
1382784 1289803
300729 1108789
1411559 876259
371730 371728
371730 371729
948050 948049
139254 44914
615955 616861
1048038 788129
71654 225493
231994 464684
231994 464683
231994 464682
373241 373240
466081 466085
373426 214621
1127419 56414
725057 212005
464940 35620
371092 371093
1383915 1383914
1112258 774509
424115 1283836
464637 464638
891686 164265
419758 304190
344502 465074
874773 1129083
402102 948040
466083 466085
96918 303267
96918 303266
702437 238164
303968 303967
303968 303966
371687 371689
371687 371686
143244 143245
735695 735694
139860 139858
76183 76184
209473 465291
371687 371688
81379 617644
1457658 1284017
140216 614648
463891 463892
24785 164699
214373 371659
16596 30681
814689 814690
464824 360993
9226 179334
1457274 102049
464374 464236
1475905 695362
1259498 418947
32905 46425
179310 33379
1024998 768305
66828 66827
702485 702486
465133 465134
465133 465135
465133 465132
618723 526213
464146 463714
723280 237876
18574 16270
140216 69878
463616 163809
614656 614657
142736 464023
96837 372713
465936 465928
465936 465929
463972 464570
1411189 680798
614634 217356
464624 464623
424115 1283837
5441 33533
1155357 1154786
465149 69558
3712 18586
616862 615955
1081907 1081908
1383698 1345855
1258322 1259498
465016 465014
464029 464798
22568 119385
1491042 1491041
465792 465791
465792 465793
723502 723501
372657 372052
78582 1384410
463959 463958
1155072 1155071
371395 371394
371395 371396
371395 371397
371395 371393
371395 371398
371395 371399
465310 465308
139259 625388
146869 146617
142248 1155695
337143 402416
163593 372288
464622 464623
464622 464624
464939 464940
68032 934495
1289753 1289752
73484 173998
1521568 1218550
1125213 1467779
465839 425814
179310 179309
1003688 146425
985002 1289748
869264 1411609
464308 464307
464308 464306
464308 464305
466083 466081
466083 466082
464518 464520
465310 465307
465310 465309
465233 465232
139085 139086
465935 465931
30038 65999
133049 33262
251291 1081529
139583 465932
139583 465931
139583 465930
139583 465935
117873 466122
465951 465950
419195 625384
24756 464524
24756 464521
24756 464523
24756 464522
466061 466060
153018 466446
344502 465072
344502 465071
211974 69558
677695 3709
163626 371006
1059526 1211670
570403 1259522
1211681 1157435
668018 819292
163623 51565
31808 1081908
31808 1081907
1067581 70715
1257980 1258481
625407 625406
614710 614711
143244 143246
769863 303646
1467705 1467704
66999 1154308
179333 106641
1383281 99798
464292 464291
464292 464294
372039 372041
372039 372040
1410989 656644
215569 439788
234111 5441
614642 614645
234112 6861
214691 163417
304106 254035
466391 466390
625403 625402
464152 140055
466138 466134
69050 464266
95838 1027025
464354 464355
464354 464353
24720 419238
48808 32788
464778 423921
81170 81171
465243 465244
465298 465299
1411068 372978
1212232 694214
371162 371159
464612 464610
464612 464613
25621 465299
614771 614770
723280 723502
1211165 1212876
344408 61788
68038 373233
68038 373232
68038 373234
451046 371158
23885 301208
209839 38449
1305709 234979
466135 466134
225465 225464
465936 139401
1211893 1211892
27987 234113
1416641 1451654
148988 702237
49177 100407
61786 423765
1283837 1283836
145882 141344
463972 251118
252952 934495
147414 371158
451046 147414
120146 371006
159331 1154093
1211524 1211523
141208 140259
463716 463715
1258568 1258569
61433 118953
1129606 1029251
1411471 618976
371399 371394
464777 464775
12344 100748
179349 370982
16767 465291
819299 819298
1282963 1282960
163807 463700
163807 463701
402422 464623
304180 303614
63635 472237
948037 948036
775263 303646
1211111 35663
122235 42341
68408 254447
814693 651282
344408 218224
139583 465928
139583 465929
234127 234126
113180 1423101
419159 339003
95838 1451591
95838 1451590
1108739 1108738
1382640 1382641
67843 14766
464761 81315
18591 18270
616305 616306
616305 616307
146653 146652
614709 614711
615956 411547
371661 371660
148973 2222
749888 1416257
179333 179334
49177 371659
645638 462064
401984 148933
16946 1289761
361087 458904
400553 427982
723278 723279
465314 465315
464545 372646
625379 625380
283553 225504
464937 464940
33392 179307
33392 179308
1383215 1383753
1384344 1384345
1154742 875902
2560 1033182
372157 591994
465816 465815
1284355 1089641
372008 1451113
465011 465012
465011 465010
465011 465016
372209 625397
615955 615957
615955 615954
466136 466135
466136 466134
466136 466138
179354 179355
465791 465793
1451590 1153701
252440 234979
464852 159267
466142 466143
614710 614709
464896 464895
466206 466207
300729 16270
266892 154785
1289938 72112
463666 463669
163626 38449
851966 267108
141335 371972
419195 465947
449677 165146
153018 466444
1107174 1107175
40499 1030640
163209 1411001
464153 140055
1211700 1211701
466084 466081
466084 466083
466084 466082
775301 775300
808014 754523
1211680 1211681
77171 303998
723214 723213
1127789 1127788
465933 465929
465933 465928
1451591 1451590
1457397 1258454
252733 165282
1457425 1457350
1213000 1212999
466443 153018
241792 1282622
1283192 68032
567804 44482
179332 106641
1107177 1107175
2222 1289995
464776 464775
179312 179311
464155 140055
209473 38449
59860 465291
769863 775261
179333 9226
25592 717340
464822 464621
1030640 465419
371162 371161
371162 371160
373233 373232
143014 146425
509548 1416682
160462 267029
775263 5463
213896 1116919
1127963 1127962
625381 625380
614577 614578
614577 614576
819293 819294
20062 874693
273305 33008
1281924 2453
1292225 1292224
1153996 1041067
851550 148941
464524 464523
464524 464522
723334 723333
463650 5425
18601 16270
61788 19903
1211810 1211811
464353 464355
723502 237876
141199 141201
808014 1345855
142442 140259
760741 401953
1292057 1284017
464714 464716
37174 143907
463714 463716
5425 371158
1410978 1410979
723324 723323
723324 723322
463712 463715
463712 463716
463712 463713
465949 465950
321296 100712
595410 595409
361072 128116
464610 419226
617691 163847
139389 139388
179334 106641
356653 616439
1282963 1282959
1039780 1081509
490117 1053508
383966 1467532
5425 147414
775263 38449
120146 465949
464147 463714
146651 146654
146651 146652
146651 146653
146651 146650
120146 38449
465070 344502
466445 466446
466445 466444
250096 401941
139259 70001
1411609 1411608
371169 371823
826090 1289753
826090 1289752
179332 179334
209133 775263
209133 775261
371661 371659
616306 616307
27157 360993
1129594 1129593
1129594 1129592
59860 38449
464684 464683
111127 112735
371021 371020
371021 371022
464153 159267
124162 218486
142926 145597
371106 67588
66545 406848
683290 140677
142441 141208
106603 372288
1284012 301208
680798 218486
614657 614658
1081671 113279
1282248 178802
371398 371394
464669 464668
145883 145881
179375 179374
179309 179311
179309 179312
1113942 13783
464521 464522
464521 464523
464521 464524
371935 371934
371935 371932
67620 727269
92440 1155980
1218791 68753
177246 5437
465368 465367
465933 465935
465933 465930
465933 465931
145527 145524
1475698 1475697
1416884 1323882
106645 337585
463875 464616
25592 1383916
273183 41483
221612 934516
1284412 1284411
520773 1063473
38297 143126
1162029 1292057
1129594 1029251
464153 411898
141208 142442
141208 142443
163210 1411001
614727 614728
145882 145883
145882 145881
465794 465793
1457424 1457425
1155433 1155432
141200 141199
1451591 410616
163623 851610
410151 177211
1410827 1410826
723118 723244
33638 33533
313431 255402
1416504 1416503
142148 142145
142148 142147
142148 142146
617035 129369
615955 819314
1211810 1211809
465792 465794
281245 1029440
145523 145526
145523 145524
145523 145525
163626 465949
163626 465948
163626 465947
146266 145597
140055 464154
614584 614582
16767 59860
465309 465311
723087 723291
1111939 311487
465598 492825
227322 1218753
372157 861887
5425 371163
830952 238598
301256 280949
37359 159993
372545 372544
1283344 68221
465949 465948
464822 464823
411898 464154
411898 464155
411898 464152
463650 451046
70129 19729
418386 13811
464293 464292
225489 147414
405743 32788
465074 465071
1127947 1127946
303999 303998
465158 465160
464613 419226
702 372172
372993 303337
1212231 1212232
142525 142147
371455 158998
464813 1030640
1045870 1289695
419061 419060
464712 464716
464712 464714
179310 122235
618977 38993
614729 614564
465533 39119
38297 66784
464763 81315
153018 466445
775420 547589
139252 139253
139252 139251
139252 139254
614578 614575
372052 163856
122235 179311
122235 179312
351249 723134
44199 106637
1416885 1323882
105258 179353
465805 465808
465805 465809
465805 465807
653895 1128755
1112180 1111844
20062 238598
303310 303311
419353 419354
1292563 1258555
1384198 76899
177199 410151
177199 410152
457945 372512
1282088 144734
1430690 252440
1212389 1212388
1336740 1416588
25621 465297
25621 465298
163809 38449
465745 371681
163955 122518
1129253 1218559
466245 466244
373082 219530
72116 1289938
625401 625403
1155147 87399
1082058 372122
419074 67064
77159 33471
1290003 1383996
267474 934918
570143 433593
1211672 1211670
465929 139401
1081958 251291
1212359 112590
59724 465533
146653 146650
1218930 861887
464682 463875
1521568 1521569
87115 72308
266892 33238
723539 723538
723323 723322
147458 1218728
463853 464409
1211680 1157435
77154 1128108
72116 1383281
145830 464485
280499 464631
372726 5428
73430 1383169
1218791 1218790
371010 238579
547387 1282241
1282960 1282959
465371 465368
891729 106647
100407 371659
520773 1414123
371215 179349
334693 334738
1431133 1431132
465073 142898
164195 266892
36452 625382
1081907 323812
1289996 1289995
267044 61786
94236 209454
851610 851999
210818 463855
625398 625399
985002 1289749
145523 145527
464713 464712
464713 464714
145881 141344
1211517 1211516
1411555 906981
371936 371930
371936 371933
371936 371935
371936 371934
163626 465950
433593 1289718
139253 139251
139253 139254
464632 280499
67620 68831
723167 723168
1154481 1154480
464292 372512
869264 1411608
465792 465245
371661 100407
1033182 814684
372167 249337
27805 3708
139735 146016
370966 370967
303266 303267
371794 446356
304127 68952
419187 419186
372849 372851
464759 464023
1283851 760741
464899 35620
419619 419159
1416308 727411
466472 466475
1416261 1416263
465930 465928
238318 1467356
463745 463746
463957 463958
41695 1113812
67589 67588
49177 371660
465013 465010
465013 465011
465013 465012
465013 465014
465013 465015
465013 465016
142926 142927
122235 179309
464293 464290
464293 464294
139583 465933
1382853 522354
1133175 179341
303350 303349
371833 371832
411547 615957
411547 615954
1211716 5476
1154166 1154136
207419 1394265
96918 371526
372993 144745
464978 334253
723522 208829
419243 66501
1155383 1155382
839121 1207500
463650 371158
1218841 1259325
238164 527708
139254 139251
723215 723216
465949 465947
247768 614733
419243 187274
451046 5425
49783 595409
159331 1115224
39971 267005
1154658 1154659
179347 179346
146211 146210
163248 1155071
1458755 472237
247994 38161
227322 225512
465481 1211700
465481 1211701
73430 76421
371455 9137
464715 464716
179313 179314
1521569 1218550
303646 38449
419195 465951
163231 251118
140257 146425
464984 113279
464293 464291
814685 814684
68221 236753
1127699 32017
217356 614635
1416871 1416872
372688 122362
179310 42341
702589 33596
66828 481696
372171 372172
419195 120146
1509 1219731
209133 303646
1290020 1290019
314565 1218746
371688 371689
371688 371686
165059 366339
614824 506071
379149 1259377
160462 20066
464544 464543
371442 371441
16596 17129
371936 371929
141501 143963
372158 372157
163809 465291
1155109 1155107
1155109 1155108
785440 1207496
338381 1061448
144330 3710
144330 3715
222345 15502
155471 311611
2559 814684
465370 465371
464167 464166
614656 614658
44784 42613
465016 465015
465016 465012
465016 465010
1155333 284078
1431073 617345
1111907 115515
314565 1216684
145362 40952
1127699 371846
1416890 267108
1211715 1211716
680798 124162
466444 466446
72116 72112
463669 463667
819309 819310
2556 465249
88646 702412
303646 5463
1430690 234979
1258404 1258405
27157 464822
27157 464823
27157 464824
464813 465419
273183 33640
1336740 1416380
1416314 1323882
1382642 1382641
1382642 1382640
1212231 694214
146212 146211
146212 146210
1211171 1213347
129369 616102
100193 165059
723087 723103
303311 254035
304338 42989
267029 20066
570403 1259521
625402 100512
234127 234125
209839 59860
464290 372512
464939 464938
409032 1411471
1289749 1289748
625394 625393
625394 625392
625394 625391
464037 466006
1289888 406848
1081987 64536
303646 775261
1112284 15084
617644 128116
303311 303368
371314 371315
66827 120165
27406 461282
1115453 465557
120146 465947
120146 465948
371933 371932
371933 371934
371933 371935
463853 464029
1081673 1081534
371161 371160
1207692 280951
1218742 1218743
463960 463957
463960 463958
463960 463959
371398 371397
371398 371393
371398 371399
372209 372208
616720 129369
49783 595410
321466 165146
24772 24775
24772 24774
874652 1114698
874652 1114697
465904 463754
370993 370994
1219687 1219688
179332 9226
465368 465369
702412 702380
625401 100512
464954 464956
411898 140055
702589 311611
1259318 1258300
463765 463764
625400 66825
1218823 1218822
199989 1153972
209839 16767
40499 465419
419195 465948
419195 465949
419263 464623
163792 106611
1114698 1114697
72116 1382590
891763 106630
1112455 622609
1027025 1451590
371198 371197
68831 727269
303313 254035
466472 466476
466472 466470
54252 465745
100193 366339
806133 851507
1411107 1411108
154785 33238
465076 371867
465073 344502
120165 145256
1289761 1382873
3251 179306
1382968 1382967
410826 1211809
373350 231340
463765 463763
371661 214373
371441 371439
464145 464147
464145 464148
463972 163231
464292 464290
76954 78515
67331 788129
397079 1383687
464037 466005
33379 122235
465370 465367
465370 465368
465370 465369
372288 371846
1282311 1475752
1457424 1457350
371442 371439
419730 66501
614642 614643
209133 5463
