372523 1218525
1283523 1283526
1283523 1283522
61786 267332
371975 371981
371975 371983
371975 371982
371981 371978
371981 371977
68753 1240355
466255 373385
66737 1382720
372522 372521
1284571 371793
1282351 1282316
1383271 1383270
371979 371977
371979 371978
1284357 1284356
1283524 464043
1284625 1099632
1227209 1227210
371975 371980
1284403 1284326
87374 1384083
87374 1384084
1283079 1283077
1218659 1284369
1219011 603847
1383780 1322368
51365 575502
464043 1283526
1282746 165755
371980 1283526
1282224 1282227
1282224 1282226
1457796 398499
269901 1289663
1283018 1283247
66737 1383600
1283187 1283188
1383270 73881
373173 373172
463776 1218553
1384455 1384456
304141 1113812
1282053 1218750
725279 73881
1384417 1384415
1283523 371980
1383935 1384483
1281931 1218509
371979 371981
371979 371980
371979 371982
372858 372859
1125883 1383585
371982 371980
371378 371255
1383838 58473
1099563 1383993
373271 373266
373271 373268
1283527 464043
464043 1283522
464043 1283523
464043 1283525
372872 371378
1227000 1227001
1384569 1384570
371981 371982
371981 371980
371316 1282742
819304 1382612
115650 1289880
1228309 780723
372675 372674
372675 372676
371048 371047
371983 371981
371983 371982
373271 373272
313770 1218486
372872 372871
371137 371945
371423 371000
212015 58473
1383313 74630
212015 254176
594896 371591
371597 1430783
464239 179321
372175 372379
1383820 1383821
1227362 617871
1283925 1282200
874549 874583
1282926 1218739
1283164 1283163
372871 371378
373336 372375
371976 371978
371976 371977
373266 373270
1284056 465533
371593 304338
371000 67098
371543 371545
371543 371542
874547 481696
1289890 1289815
1240355 321229
371544 371543
371544 371542
1218937 143475
334922 371805
373269 373272
373269 373271
371983 371980
371018 371019
371256 95697
372066 372065
371982 371978
748117 1289993
1383271 725279
373267 373272
372381 1383998
373271 373270
882488 844260
465124 1283188
465124 1283187
465124 1283186
304431 51365
372691 372690
1283524 1283527
1283524 1283522
371593 371277
882488 1282992
1227969 372065
966601 1383811
1283952 1283951
59216 75439
725279 1383270
491585 371211
1291989 846027
373269 373268
373269 373266
874699 874700
466225 1218572
617871 1227363
1281919 1281918
304338 371592
1024672 1383685
1283524 371980
1292032 1292031
1227209 1227157
371256 371255
243254 1384542
1283529 1283528
83091 373303
371975 371979
371975 371977
1382611 1382612
1115520 68091
1284625 1284626
98368 1383183
371690 372375
1283527 371980
1283347 1283346
1383907 1384350
371256 371257
1283522 1283526
67898 1382676
11421 1384542
1282471 1218767
1383838 212015
1383838 254176
1382743 1383683
1383852 1363750
1283152 1283151
1108164 1108020
68753 321229
1024672 46421
3719 373164
1282784 1282783
1383487 1383405
42799 372121
874765 874700
1284018 1284019
95697 371255
1113812 1383585
371976 371983
1219572 1219573
371316 1282741
1283525 1283526
1283525 1283522
1283525 1283523
371337 371338
1227969 1227033
464043 371980
371975 371978
371975 371976
1283524 1283526
1283524 1283525
1283524 1283523
1218658 165146
304431 575502
373268 373270
372602 372601
1282200 1283924
304338 371277
371644 410152
1384083 1384084
58473 254176
371593 371592
1284626 1099632
371545 371542
1457325 13987
373372 373371
373272 373270
312882 1234072
1282226 1282227
1219574 1219572
371704 371508
46421 1383685
371690 373336
1283527 1283522
1283527 1283523
1283527 1283526
372872 371255
1283459 1283460
1282563 1282564
1218840 1218841
1282225 1282226
1282225 1282224
373272 373266
373272 373268
1227362 1227363
1283522 371980
1228310 780723
1119695 71392
1283078 1283077
1283078 1283079
1283334 1283333
1227210 1227157
1283925 1283924
371000 768801
196026 379149
371977 371980
1283187 1283186
1108885 5442
371277 371592
334922 1281905
1283525 371980
1382611 819304
371976 371979
371976 371980
371976 371981
1283188 1283186
1382865 445533
1282967 1282965
372871 371255
372065 1227033
1219574 1219573
1383028 1383993
371155 371156
1430783 372356
371544 371545
794542 371591
1457392 1457221
371983 371977
371983 371978
371257 371255
11421 243254
373031 373030
373269 373270
1430704 1430705
1282742 1282741
1383300 934292
1289639 1033959
371983 371979
304431 1282783
1284403 859885
1163458 225506
1383271 73881
372974 372975
371785 371786
1284326 859885
757904 1384543
1384416 1384415
371980 371978
1108057 1108056
66737 1289993
372175 372174
371597 372356
1383028 1099563
1218854 1282564
1218854 1282563
1227206 1227205
1113812 1125883
371257 95697
1218608 1218609
373267 373271
373267 373270
372674 372676
373266 373268
372677 372678
594896 794542
1430673 1430674
67098 768801
391807 1382920
372008 267108
1282225 1282227
1108164 1108163
1283527 1283525
371055 373172
371977 371978
599071 1382861
1284558 1284559
373267 373268
373267 373269
373267 373266
1228309 1228310
33638 1283547
3716 550119
212972 213414
373199 373198
1108020 1108163
371342 371617
463907 25623
371976 371982
373173 371055
1384417 1384416
874744 102537
1282966 1282965
1282966 1282967
1282784 304431
371982 371977
844260 1282992
