1228204 70964
61786 267332
1282505 1282503
1282784 1282845
876380 876176
143793 1219767
143793 1219766
143793 1219768
1457518 1218580
1031835 1218904
1282506 1282505
282526 1383941
1219766 1219768
143624 143627
874607 874608
874607 874609
874569 465473
1283929 1133030
1227151 70964
1227151 1228204
1282845 175134
1113812 463729
1282784 175134
1383941 1383940
1282784 1282844
1284278 1282812
1284659 1218972
874607 144745
1282714 876176
1476067 1125338
1283049 372754
269901 1289663
1219767 1219768
1219767 1219766
876176 1282498
1282714 373015
66528 146556
1218646 1218644
1218973 1218948
464780 876380
1284031 214465
1030627 139173
1283485 1283484
1283485 1283483
1284129 1284128
142690 463990
1219768 164476
1228348 1228347
1073659 1228348
1073659 1228347
1155340 1218781
1430762 1430763
463990 874543
215569 1218551
163709 874724
1430787 1430786
1430787 1430788
165146 372548
1383630 322250
1255912 70001
1282821 1218733
1322368 69884
874591 165146
1283648 1112465
1024744 1024745
658104 1108737
1282504 1282506
1282504 1282505
1282504 1282503
844349 874579
874521 1382613
66737 1383205
1474012 1473713
68091 1382674
1024744 1024746
464834 989136
1207543 5894
371728 371729
1284353 1284352
1284353 1284354
1218731 401984
876147 1283335
1284616 1284617
143793 164476
1282041 373178
1289724 1218775
876380 373015
1382760 1382759
146556 342048
66737 1163582
83391 1382678
1228203 1228204
1283648 1108545
874754 466410
1289723 333758
464780 373015
372262 1024388
118173 1282332
1382674 21565
371135 1282714
1282232 1282231
464780 1282498
1282391 371272
371135 876176
371728 1281983
1228203 70964
1025317 222176
1219766 164476
76468 465228
874542 874543
141671 144894
876380 1282714
1322368 304431
1473657 1473658
1281922 224446
157196 371005
874719 106598
1282506 1282503
1228307 1228308
481696 267332
1289641 115637
1408408 1113983
371135 1282498
1384582 1384581
1218593 163331
68660 1382678
890841 130417
1476083 1476082
1281931 1283977
1473135 1473134
1474012 1474013
1115520 68091
1227151 1228203
1218602 1218603
1218646 419031
371316 5426
1457744 1457745
1282498 373015
1281922 1281924
1281922 1281923
371135 876380
1282753 1282751
1282753 1282752
143475 143474
1218631 1282260
158998 123043
1031835 1218903
1283484 1283483
1431051 1430674
463813 371552
1430788 1430786
1383266 303444
1218552 1282964
1207644 1207645
371135 464780
1282368 1282367
1289623 441427
1228260 1228261
1207542 1207543
1281982 1281983
1108545 1112465
1024865 934395
143625 143627
143625 143624
876176 373015
708386 21478
1282921 466255
1430611 252377
1024951 1024950
1282844 1282845
371008 371007
1283049 875770
1218915 143373
142690 874543
142690 874542
656648 1292645
1282922 466255
1207544 1207543
1207544 1207542
874547 874548
1282812 1282811
375444 323478
143626 143627
143626 143625
143626 143624
1284593 1284592
1282391 373164
1029715 1282944
1282391 1283355
1258509 143373
1219767 164476
1220009 291347
140336 140335
1473713 1474013
1281889 423839
1154567 1476075
83391 68660
140334 140335
1430633 1431101
1281944 1218552
75159 463729
78939 478305
80289 1042480
1472603 1472604
1472603 1472602
1282244 1282382
1282244 1282383
68091 21565
1218904 1218903
1281944 1282964
1282331 118173
1218731 464880
76184 79383
1112417 1112465
919107 1281923
919107 1281924
90031 874594
1289648 1108716
141393 141392
1282714 1282498
1024387 1024388
1113812 332283
1283355 373164
1281982 371729
1281982 371728
1284133 1284134
1284128 465686
1282504 158998
61786 481696
616992 1430786
616992 1430787
616992 1430788
157196 294452
371272 1283355
464880 401984
59175 75439
875770 372754
464780 1282714
1284104 1284105
1218630 1218631
48775 152951
618996 1382996
874549 874534
1113942 1382708
876380 1282498
1218531 464393
1282846 1282847
1383940 419688
1472604 1472602
1292217 1292218
372262 1024387
1218670 466495
1218833 1218832
1282844 175134
1281953 1281951
1218828 194537
1383941 419688
1281923 1281924
1218645 1218646
1218645 1218644
1282331 1282332
387353 1283627
371135 373015
618808 1284400
1284125 1284124
874608 144745
163331 755976
243621 122392
1284352 1284354
874609 874608
1207542 5894
1282751 1282752
1430497 1430496
257717 143373
874609 144745
919107 224446
1284129 465686
140334 140336
1284493 1284494
224446 1281923
1227988 1227940
1283197 1283196
1207544 5894
1024745 1024746
464780 876176
371272 373164
874542 463990
1282383 1282382
86583 66737
1112417 1108545
224446 1281924
304431 69884
294452 371005
1276814 1291970
596375 803400
1281983 371729
1281952 1281951
1281952 1281953
371000 67587
66528 342048
1281922 919107
158998 1282503
158998 1282506
158998 1282505
1282922 1282921
