238763 371295
1107834 1107919
1289963 1289964
40849 1292634
1384217 1384216
1283221 1283220
1107836 1108021
371137 373088
371423 372190
1282535 1282536
372262 373389
1283044 1281931
371691 1281931
465983 1383488
1108583 1107834
371137 373389
1218701 1218936
1283044 371137
1033125 66620
66528 146556
1218583 1218582
1284406 371382
1430531 1108041
1382773 1384125
1383487 465983
727358 1283044
1283044 373389
372262 1283044
727358 371137
1218897 753509
1282536 1282534
1283044 238763
371137 372190
1382920 1382921
1383488 466121
1383005 1383151
371137 1281931
1282856 1282857
373088 373389
371423 238763
1218834 876380
371137 371295
1384125 1382708
1218580 321229
1218545 1218546
238763 372190
372405 1281931
1108583 1107919
371000 67098
372262 372405
1289636 1289637
1103436 1218608
1107745 1107834
1218977 1163349
375444 465757
1292621 1292088
1383487 466121
727358 371423
1218659 371691
1289719 1218646
466225 1218572
372190 371295
238763 1281931
1284482 1282344
1289719 1284435
336277 1218936
1031491 1031492
371423 371137
373389 371295
372262 371137
372395 1218775
1430871 1430870
1218978 1218977
1218502 1218533
727358 373389
1218474 1218475
1218474 1218473
372405 371295
371000 1218558
373088 372190
372262 373088
1283044 373088
727358 373088
1289807 1289806
1108072 981209
1218473 1218475
1384215 1384216
1384215 1384217
727358 372262
372405 372190
371109 1430723
371423 1284505
238763 373389
373389 372190
727358 238763
106575 1113812
371423 372262
1283044 371295
371423 1281931
372262 1281931
1289972 445533
238763 373088
1281931 371295
824074 1281957
1283044 372190
372405 373088
373088 371295
727358 372190
465699 1282386
727358 371295
1218978 1163349
371618 1218507
1218646 1284435
371000 768801
371423 372405
371423 371295
1281890 1218767
1218508 1218507
1382773 1382708
371423 1283044
465983 466121
1289876 1289877
1281931 372190
371137 372405
727358 372405
1282535 1282534
372405 373389
372262 372190
1218508 371618
373088 1281931
464284 372708
67098 768801
371137 238763
1283044 372405
1292544 1292093
1282828 1282827
727358 1281931
14143 1218545
14143 1218546
371423 373389
1281931 373389
372262 371295
372262 238763
372405 238763
1383487 1383488
371423 373088
