196873 1114109
1112042 818766
818766 314529
225055 371902
463839 112080
371043 402767
372688 4169
1097256 528535
306605 682890
465518 256585
1259181 443905
463683 25630
32827 373319
464281 466453
1411576 1411575
67589 371106
1459583 1459581
142546 142547
66501 69252
164373 418957
957595 616463
1382598 1382597
1491089 1491088
466258 25630
17689 2517
1475866 536278
24746 15122
15643 490117
465395 465396
1107066 371827
247063 152951
96795 1260087
252276 818766
618893 870130
1114398 1383216
1115627 225491
935035 935121
463753 1220081
1259044 1081587
1281866 1410824
371020 1282516
99798 1383958
1244722 1258348
91946 33238
617903 143463
590336 402140
72116 99798
1258224 1258225
143475 122362
1039412 1259484
36452 143173
1491290 1491289
569468 66300
143399 1113773
1416557 1416380
142545 142546
142545 142547
24773 148941
464592 464591
1117811 1284367
1292127 1291989
837206 1411496
255884 464603
255884 464602
140493 140494
1490405 1490406
1465226 1465225
874775 1218917
1081861 1081692
617229 131892
17397 1155233
371106 464150
1154227 459766
464609 371068
24746 371905
464287 464288
333758 66300
1282947 1282948
427884 215704
1410968 1410969
465185 463632
1495917 1125610
402930 1382873
1265910 138193
66983 102537
1466221 38589
1111890 818766
463779 1115433
1384374 95136
818766 1111811
143091 139171
851963 1219894
465075 371867
371498 3709
595440 1112042
1154237 1154238
1154237 1154239
227322 20066
831065 163709
1112340 388320
304292 139583
142075 144097
215141 214372
818766 1112043
1430570 86015
401940 147414
373450 61787
1187 1458781
465882 466131
1111946 1108430
463779 110350
1199694 1423026
371272 514022
463630 465185
27157 464281
36822 123673
1113942 1115233
1155697 98879
143408 143409
4028 1383944
1467709 1467710
618893 1111785
67349 15122
541234 1416756
681458 1284394
1282946 36810
304141 1164430
226113 68699
1466103 1465225
1081892 1081893
226113 70021
464412 371006
1112196 61787
144710 144711
96795 373214
371106 464149
314522 71655
1064170 280935
33313 831072
1289811 623472
37359 481726
1112197 1112196
1383967 420406
1111811 66620
1079607 1025441
145830 547334
1064008 1064009
1465226 1466103
1465226 1466105
1465226 1466104
1111946 94355
402078 402829
36193 143907
1127154 1219894
464881 464882
44820 35538
1394283 17689
91946 142803
1410969 462064
617903 1467689
1128731 1219894
164213 24785
144962 144963
144962 144964
447195 1459582
447195 1459583
373450 1108365
402930 569468
1465225 1466105
618893 1112280
1258963 1258962
465839 1259498
1154875 281245
1459583 91079
1218836 143399
59114 214465
1382693 72116
1382693 72112
1466102 1465225
1079607 372858
447195 585147
148941 464808
463631 463632
1107790 1059584
99232 463710
303370 303371
303370 303374
1383215 66737
464249 122362
464923 111919
465465 373362
465236 465235
314529 1108430
1218915 418947
463832 465392
163330 402140
465569 465570
148952 145515
226113 464603
595440 1059584
225489 143907
464441 464442
237701 250044
465839 1382873
419052 1284388
1384991 1384990
1154479 98879
465819 465818
717475 830994
907085 1111896
1490316 1030578
420574 33012
1129496 821418
215141 25361
463641 463642
465189 465191
165146 372548
466440 267474
464062 372512
465164 142383
1107790 314529
143399 465757
1064778 517397
69050 122362
466105 466106
466105 466107
463684 463683
463684 463682
463684 463681
24746 5441
1459635 371013
1112041 1112042
1112041 1112043
1138526 632548
1466064 1466066
1466064 1466065
1114053 976753
24746 464347
303368 303371
303368 303374
24794 463664
465056 465055
48827 1289755
1219733 464198
1219733 464199
35940 3709
1115304 66300
1494187 1494186
255884 226113
603670 1383551
164214 851241
1040087 1040496
25592 27805
1112042 314529
145523 25630
371816 1411592
464500 1410833
464500 1410834
585147 1459582
585147 1459581
1111890 1111811
1113930 1153608
371817 1411592
142803 33238
1465226 616688
303370 303368
303370 303369
1282448 1467924
1079607 61787
463681 463682
66983 163709
303236 69411
1015338 1259007
344408 1521609
1048038 76899
465465 1284367
120165 267029
1282707 303510
1220111 1220112
837148 837150
1281866 1410825
186626 342080
110350 1115433
870130 1112280
808014 213285
1156018 1156019
1276236 1282429
1411236 1284497
1475692 1475691
1382622 934100
1385002 1308985
145113 145112
333617 1155263
465343 314522
67589 464150
1416777 163608
1005925 401940
585147 212519
1411433 214908
464488 464489
1459583 585147
464602 70021
1220692 76087
1112042 94355
372900 455819
32927 32773
490117 73724
851774 371956
75425 317507
213388 1081908
371728 371729
371816 1411591
39971 618600
306605 1411190
91946 372591
1411253 1411252
727412 493919
112080 837106
373220 465054
559100 68440
998444 44625
143399 147414
1081575 1081576
818766 1111946
212015 58473
1289761 304141
1382873 569468
1258100 1258101
66983 152951
1291904 1166074
140905 1345938
37654 70111
53983 1465630
3719 372591
43399 464102
724438 1154591
463630 466335
463630 466334
990546 211648
463683 463682
463683 463681
466440 466442
321296 526596
20062 267371
344502 463729
1153975 1153974
113257 145256
373450 372858
373300 361019
1466105 616688
139910 466059
1282951 1282948
1282951 1282947
1282951 1282946
465393 465396
465393 465395
20390 1031115
145523 466258
1111946 1112043
1291942 1292002
41729 1411598
1291977 1292613
1385020 1385018
35661 1207684
1154475 1153660
1111890 370950
466450 372673
1416557 87517
464439 464441
464439 464442
225483 496968
1382763 1029440
1491328 1491329
874733 10351
1430629 1430630
831012 372211
36810 38449
297511 1272177
303377 465572
270004 711051
1155793 363971
1154678 95869
1113942 1114933
837149 837148
25630 145527
140055 465126
67589 464149
1411357 1411356
818766 445772
465115 140216
1467338 1467339
140856 66300
15643 73724
1281865 1281866
465322 465321
464231 466069
39971 36452
167976 181083
874669 46658
1218971 214087
465372 371902
464440 464438
464440 464439
1459937 1113773
306667 906907
1282708 1282707
464603 70021
464349 463631
464349 463630
371907 148238
5441 15122
71945 1289750
734644 1410795
465520 465519
303369 303374
303369 303371
72308 1383064
87517 1416380
42899 465739
1394283 2517
7433 837148
227322 22872
1384318 1382726
371712 64536
1282951 1282950
618161 1111890
141450 139196
182994 3708
874631 152951
1114053 1112465
1111811 445772
1465363 1465364
1465363 1465365
423796 372284
23885 1282897
851669 148941
1063528 160386
39971 143173
1291977 1292527
595440 818766
1015338 1245933
463620 463618
102537 152951
465819 465817
1490332 224255
464770 874549
1153625 1153624
594244 1040087
1465869 1465868
17689 444966
143461 617903
397131 165059
837134 419031
420342 373319
837169 148238
420406 1218911
140494 140495
1153902 1153762
466258 145527
1258197 837128
77475 73537
165146 830994
1384345 1383503
1410832 464500
214908 1113963
215704 373136
464593 464591
371209 27407
1411433 1113963
70660 16270
464198 464199
344408 267029
215630 165057
402343 1063976
1115304 569468
1260086 1260087
1260086 1260088
1467450 36224
67349 371905
1128731 851963
303681 303682
221857 303647
1389661 1389663
303374 303371
1383588 1383587
1032465 498599
7899 1292016
3711 179344
371907 837169
120165 20066
1410834 1410833
1259221 907012
465520 465518
818766 1108430
1416646 432270
1416893 1416892
477219 1040087
303369 303368
818766 1059584
717475 165146
1466102 1466103
1466102 1466105
66999 227999
1416777 68032
1155192 1154146
1112041 595440
466441 267474
1112196 372858
120165 371041
464443 464440
464443 464441
464443 464442
302235 1063177
157196 145256
140383 145244
68699 464603
463688 464040
795846 282257
465667 465668
25987 603670
464455 464454
1143329 1457469
1282951 36810
559100 68699
980312 1156019
1382985 787393
143461 143462
143461 143463
1467689 143462
372615 372616
1155267 73724
20062 215704
420582 301397
547771 445613
1494240 147414
32927 66983
1292471 1292470
133673 837236
1112043 1059584
1291904 211683
1260088 1260087
851878 1281863
1466066 1466065
465392 213285
371013 1411293
1154239 1154238
1220692 1220691
859489 227322
3712 67525
1465629 1465630
1219734 464199
215630 1114405
304106 464310
1292318 1291979
1385018 1385019
179382 1030447
1154443 217520
463995 36603
463630 463631
1289739 400479
157196 113257
1416756 1416755
71945 255470
1283038 372289
2556 1394283
3719 1283865
844349 427534
7433 837212
1107790 818766
314529 94355
682890 1411190
59519 1383551
464828 372356
24785 851241
140347 466427
162397 18588
618161 818766
1207425 526596
1112043 94355
1111904 618232
72860 68660
1108430 1059584
1394283 444966
1383758 68091
213896 179321
1155111 1155110
361019 371730
464815 464816
1382693 465757
146059 140495
143462 143463
214560 171261
464175 464174
464593 464592
1112196 1108365
595440 1111946
1112042 1108430
304322 304321
372591 33238
1490267 1035614
2556 17689
1114866 1071409
1124633 573981
303373 303368
371272 32174
91079 1459581
1030321 1030447
1112197 373450
466441 466442
466441 466440
464477 96795
830868 1457469
465982 465981
595440 1112043
1112041 818766
5042 139221
595439 18588
303694 303614
1112043 1108430
137811 470452
1410825 1410824
573810 249127
67273 1218602
464122 464123
1291989 398495
465839 569468
13265 1082214
140494 146059
1467519 1467518
1467519 1467517
48827 371043
32927 163709
1079607 1112196
1079607 1112197
1219734 464198
68091 1383090
464028 464027
5441 371905
1292036 18603
1382905 256714
36810 1282948
464311 464310
72889 76667
874558 1345938
548392 32827
4028 76899
702850 109376
1290726 1467710
1284185 314548
1467882 269901
1467774 1467773
1416893 1282294
1207542 1207543
463684 25630
1292318 1292257
165006 165237
1079607 373450
139503 143633
465145 463985
314529 1112043
1383543 1383542
464121 464123
1466103 1466104
1466103 1466105
344408 314522
372482 1282312
1107790 1108430
541234 1416755
25630 463682
25630 463681
162397 595439
1423020 1423021
3719 1031286
1112042 1111946
25987 1383551
147414 1113773
1467689 143463
1059584 94355
57462 32927
465145 465146
463655 463656
464247 466246
624340 163235
1112197 61787
1382679 68660
1284443 214087
1465364 1465365
1459907 1459908
1259242 1259241
1107790 595440
466123 1468038
3712 238313
24773 164616
463643 463642
463643 463641
2556 2517
1465225 616688
464602 68699
1129084 1129085
1155223 1155964
371382 935044
1282897 301208
464347 5441
1467517 1467518
1465330 1269738
140924 388320
1108996 1108995
48827 402767
35538 109376
465991 67030
870130 686982
1490333 224255
1411102 410067
818766 370950
1111946 1059584
1284603 22930
70111 876896
70111 876897
36822 463960
72112 465757
344408 120165
818766 1112146
818766 1112147
32927 266892
142790 142791
1289727 1289726
1108430 94355
129891 35538
1108823 1108822
1111785 1112280
370950 1111811
465075 465076
1220463 1220081
1430639 1430640
1155212 1155297
1053508 67149
1218505 372157
139490 464424
465518 465519
129891 109376
465555 465554
1466105 1466104
344502 69050
1112148 1112150
372284 1218788
464477 373214
754523 213285
1282950 36810
1292613 1292527
371902 303568
463619 463618
44820 109376
1292257 1291979
830947 60558
1258706 1258705
464311 304106
373214 5428
1258559 398366
1153632 1153633
19903 142803
423796 1218788
143475 464249
1108876 1108877
1219733 1219734
212519 91079
373450 1112196
1108785 1457561
91946 19903
371730 371728
371730 371729
250791 1284622
373450 373450
465088 371175
464165 1490406
464165 1490405
1108777 1289731
1283932 24775
225489 215626
303576 303575
371498 371497
851669 464808
145830 142007
463832 464574
1108365 61787
205694 1154346
106572 851612
16596 30681
1154479 1155697
465186 463632
465186 463630
464883 464882
420342 548392
465372 303568
996240 821418
36822 463957
1112041 1108430
129891 44820
120165 314522
373300 371730
1282571 1258666
1111811 1112146
1465225 1466104
1466103 616688
371712 575871
1459937 147414
140216 69878
1411204 1081705
1383554 1113812
752630 160588
72116 465757
227322 628821
221486 1272177
371137 548388
372200 935034
488906 1207518
548392 373319
874549 35940
66250 164938
69411 143513
1383900 1289673
463623 463622
1416557 1336740
69050 463729
25592 267528
463630 463632
581192 248526
142736 164705
1290726 1467709
35940 874534
1154164 1154163
22872 68408
1282698 1282697
1112041 94355
1112147 445772
1289727 164805
818766 66620
463619 463620
465115 36452
1383944 76899
464176 464174
1460068 1460067
464974 464975
179349 3708
1200963 1212867
837148 837212
413954 874636
1107790 1111946
1079607 1108365
1117811 465465
227322 1521573
1430640 1430641
129891 702850
463796 466329
1155222 1155223
463687 463686
1155198 1155199
144330 369356
464289 464287
464289 464288
1459583 1459582
303913 1423087
837206 2133
1112147 1111811
234112 23885
140924 1112340
92396 74149
11680 1345938
1112197 1108365
164213 851241
1281865 1281867
48808 32788
143399 1459937
1410990 372566
157196 215704
148941 164616
464347 371905
23885 301208
1166074 211683
1282950 1282948
1282950 1282946
1282950 1282947
463882 463881
313811 1166160
85030 361276
372858 1108365
1281866 1281867
1495936 1494211
1467942 1081705
876896 876897
1382679 72860
159331 1154093
463960 123673
859489 1521573
595440 314529
464883 464881
144330 5442
898663 1292572
372523 372566
935121 935034
75110 723607
214372 25361
1411591 371817
402829 934754
1336740 87517
24746 67349
1345855 1289802
410106 27062
1153595 1153596
18591 18270
870130 66620
334428 1490241
39971 465572
1153613 1153614
464531 464530
1383758 1383090
1112202 575837
464574 213285
212519 1459582
212519 1459581
1260088 96795
1465363 1465869
1465363 1465868
37455 463881
1384117 1384118
1411591 1411592
876549 1115449
617903 143462
463654 164373
449677 165146
464859 464860
808014 754523
13265 754504
420342 32827
464442 464438
618161 370950
1430588 301349
1255402 787624
72116 304141
179332 106641
303727 143513
1282949 36810
1155267 490117
464602 464603
30038 463710
1430631 1430630
1002908 419786
372566 419786
465372 225055
303377 39971
20062 874693
146685 141712
775363 148942
1107790 94355
1385020 1385019
874558 11680
252276 445772
465345 465344
1082214 754504
30038 99232
61788 19903
996563 1423078
464770 35940
1282374 1385015
27805 267528
466334 463631
140216 254035
1475940 1475939
447195 91079
1112147 1112146
17397 141126
36810 142663
1129496 996240
464713 337448
465738 465739
179334 106641
19903 372591
1430785 1135123
773835 773836
464347 67349
465190 465191
1259392 1259393
44564 32804
112080 464635
179332 179334
1166081 1258934
1155060 1155059
74708 256714
86583 1155954
837149 837150
1111785 870130
1289826 830947
111127 112735
463759 463758
1382973 363875
445772 1112146
1410901 1411050
464209 464343
1112042 1059584
164214 164213
371816 371817
465465 465464
464439 464438
227322 874736
68699 70021
464669 464668
1112042 1112043
702850 44820
2556 444966
463685 463687
25592 725187
466334 463632
1411281 112080
464175 464176
179382 1030321
1465226 1466102
463832 213285
464349 466335
464349 466334
1111844 196221
1207425 321296
371905 15122
1112041 1111946
1153600 395715
2133 1411496
1416782 1416783
1495916 1125610
1207491 280935
1143329 830868
1219984 1219985
1112149 1112150
702517 147467
1129084 143013
1155233 141126
314529 1059584
1225 1460067
464444 464441
19903 33238
1114405 165057
103877 323257
170777 463974
464492 464491
830952 238598
1155061 1155059
1088020 1490365
143461 1467689
958464 147467
466304 466303
144712 144711
447195 212519
464282 464283
41737 464744
221486 297511
370950 66620
1220530 1220529
1139227 1416380
618161 1111811
1002908 372566
465190 465189
226113 464602
144832 66679
1155267 15643
466107 466106
314529 1111946
623472 205922
463654 418957
1459582 91079
214372 99849
372523 419786
1112155 1112156
874558 140905
727412 727411
256585 465519
465817 465818
5441 67349
702850 35538
1282946 1282948
1282946 1282947
1259629 1032474
1289943 373021
76087 1220691
69411 303727
465520 256585
1494188 1494186
1430629 1430631
465839 67273
1156018 980312
465186 465185
140216 36452
164020 419052
22872 874736
595440 1108430
142066 142065
463957 123673
1281958 1282302
1112465 976753
935035 935034
466008 314522
372726 5428
465146 463985
1112041 314529
285682 466176
585147 91079
215569 61713
465234 464896
852132 112080
163248 66300
375444 102537
447195 1459581
1111890 66620
1112149 1112148
1258826 1258906
1154479 1153730
1258139 723256
465394 465396
465394 465395
465394 465393
464103 372157
466056 830993
252276 1111811
142193 27536
145523 145527
433593 1289718
463995 1154727
304141 99798
1282949 1282951
1282949 1282950
2811 715389
552512 1108764
618693 196052
1282909 505075
1227632 1383587
1227632 1383588
255884 68699
59519 603670
1282708 303510
144710 144712
1154877 1129002
225055 303568
595440 94355
140905 11680
69192 464462
371119 372591
874549 3709
1490333 1490332
463863 463632
463863 463630
142926 142927
68699 68440
139738 1218875
464770 3709
774509 1111858
463863 465185
559259 1411013
372523 1002908
1132981 1277348
465464 373362
252276 1112146
252276 1112147
255470 1289750
465956 465957
303372 303373
303372 303371
303372 303370
303372 303374
1108716 842540
1218825 1218826
66999 95619
1460082 536285
20062 165006
464444 464438
464444 464439
464347 15122
466308 58941
372858 61787
837040 837041
1494188 1494187
303373 303369
464440 464441
464440 464442
1154727 36603
1465546 1465545
41089 837136
463882 37455
1107790 1112041
1107790 1112043
1107790 1112042
42899 465738
1410968 462064
1459583 212519
33263 530530
303377 618600
373214 372726
876866 1166084
466335 463631
466335 463632
463654 419840
851963 1127154
1282974 1282973
464122 464121
1154095 9034
1430639 1430641
140583 140584
1289811 205922
372158 372157
575871 64536
1032949 1032950
1115254 1029440
1282949 1282947
1282949 1282948
401940 15122
25987 59519
222181 831039
1111907 115515
1282294 1416892
72116 72112
1128731 1127154
466334 466335
1336740 1416380
1389661 1459913
709200 1410843
267029 20066
139259 1383767
464443 464438
95136 1383510
1112016 1112017
86583 1384526
727314 323257
36810 1282947
164214 24785
371497 3709
464149 464150
255884 70021
53983 1465629
1466102 1466104
686982 66620
463960 463957
303372 303368
303372 303369
463685 463686
1416509 1416510
1460068 1225
1219832 1219833
1410832 1410834
1410832 1410833
141712 141711
464444 464440
464444 464442
493919 727411
303951 66679
1282949 1282946
43531 1082186
144964 144963
303373 303374
303373 303370
303373 303371
1129023 413926
1459582 1459581
267474 466442
72116 1382590
1081730 1081729
48827 306124
465076 371867
402078 934754
1112041 1059584
164805 1289726
618161 66620
27157 466453
831038 831039
464441 464438
1220463 463753
1495916 1495917
1260086 96795
1129085 143013
594244 1040496
1112197 372858
465766 130417
1466102 616688
140257 466361
464444 464443
464443 464439
616688 1466104
818766 94355
444966 2517
1155061 1155060
464349 463632
67285 102537
372591 142803
1289755 306124
465186 463863
1384352 603827
163608 68032
