398495 1292124
464480 464482
1220776 1220397
1220059 1220250
431879 1218849
1382708 1383000
1382743 294783
464127 464129
144257 466431
1282942 1282943
466376 466375
463931 463929
463931 463928
1227974 1227975
1220039 1220038
465756 465755
874617 139910
874569 465473
463904 463908
463904 463905
466462 466463
466282 371158
1282423 1218524
466354 466353
463768 463769
464138 464139
464165 1382708
400279 1211604
463938 463937
463938 463935
464263 464265
463973 213414
718396 1282375
463931 463930
269901 1289663
1292448 1457650
463661 463660
464262 464263
464262 464265
464262 464264
1108438 165747
402140 165146
464359 464360
1282173 1282172
1218877 38482
1282144 1155739
1218560 152951
874688 225690
80908 163985
371166 373370
402140 372548
466465 466462
152951 82073
463768 463770
463768 463771
465866 465862
1218613 1218612
466432 466431
463904 25623
851543 1284143
371068 1284148
141520 465996
465437 464826
463935 463937
464606 464605
1218560 102537
163330 402140
1430991 1430990
463815 463817
465862 465865
465862 465868
466351 466350
165146 372548
1384042 1155979
1227940 1227941
466433 466431
830868 165146
1228322 371171
1282780 1282779
465864 465867
465864 465866
465864 465865
465864 465863
465864 465862
465864 465868
1283648 1112465
465653 465652
658104 1108737
463671 463670
1384097 1384098
1218988 1218989
335152 466015
830901 165146
477025 108848
1282478 68440
464219 214465
466015 466016
1240355 359941
97120 139835
372925 465987
93924 164157
371158 874710
466432 144257
464606 115649
1282885 1282884
853349 1258322
465139 465140
1283835 1282278
375382 1108545
1383820 1383821
465139 465141
1284175 1284098
215569 267528
222346 401910
18505 465868
18505 465862
18505 465865
18505 465867
144477 144478
371000 67098
1283648 1108545
464218 464219
1284142 851543
464128 464127
465545 465544
1228143 1228142
874547 874587
1033711 1457686
1383049 254176
465295 465296
67898 68408
1283928 213185
1283179 1265910
466433 144257
603462 1289649
463905 463908
102537 152951
874656 874655
466433 466432
371208 465677
874698 267332
465867 465865
465867 465862
1430839 187436
851248 370972
1282778 1282779
1382784 76899
1062406 25590
481696 267332
719148 1207576
115649 464605
1430815 1431106
465221 465222
463936 463938
463936 463935
463936 463937
465867 465868
466017 466016
466017 466015
464481 464482
464481 464480
463914 466374
463907 463905
463907 463906
298505 38217
1218593 163331
1227401 1227402
24792 68440
1259437 448993
463907 463908
463907 463904
373389 371295
464362 464363
3716 154785
24792 1282478
464073 464072
464073 464070
464073 464071
1045516 1292655
209839 465868
209839 465863
209839 465862
209839 465865
209839 465866
981082 1282807
66999 565383
143475 143474
463784 463783
215486 66872
1431106 147330
464784 464070
463813 371552
1383266 303444
1168529 719148
465006 465007
213285 465757
114767 874753
464604 115649
1282368 1282367
463782 463783
463782 463784
1227752 1227753
464604 464605
1283544 875770
464473 464474
1097326 194665
464604 464606
1108545 1112465
372858 1112094
1283154 464779
1284406 1218740
1282171 1282696
463928 463930
427723 548414
1289985 372419
1283114 464232
145550 5426
658104 304314
1220076 1220075
466017 335152
1282144 1282036
466022 466023
463852 463851
463852 463850
463930 463929
463728 463727
874521 100748
1282036 1155739
141520 464053
141520 464052
67098 1218612
67098 1218613
464889 851543
616647 1431010
78225 788129
465546 465545
465546 465544
1168529 1207576
1291929 1292175
463814 463815
463814 463817
463814 463816
1108737 304314
465913 465912
639389 1220225
139412 213285
1227320 1227318
1227320 1227319
465866 465867
66737 257717
464137 464138
464137 464139
61788 68408
371929 43235
464052 464051
464218 214465
1111967 477025
463905 25623
1228124 1228123
371000 1218612
371000 1218613
464072 464071
464072 464070
1218740 371211
464264 464263
464264 464265
465241 465242
3718 61787
18505 465866
209839 465864
209839 465867
1284406 371211
1289714 1289715
1281924 2453
68091 1383820
68091 1383821
464070 464071
1282778 1282780
1024744 1240393
463769 463771
463769 463770
141520 464051
465863 465868
72666 1283968
1282415 70111
213285 24775
1282173 1282174
463906 463908
463906 463905
1430815 147330
1218816 313770
141751 874762
1383085 66737
1282606 1282605
463736 178802
874603 146622
3712 5426
465983 465985
1127742 1220397
464361 464359
465863 18505
464889 1284143
464889 1284142
372419 934928
1283205 1283204
25623 463908
1289985 934928
1127742 1220776
830868 402366
465382 465383
402814 1218872
1227401 565651
463677 465197
463770 463771
463851 463850
466456 466455
371805 890421
466465 466464
466465 466463
74838 236538
1227151 128062
209839 18505
373178 1283898
1282172 1282174
333617 1476110
140382 61788
1112342 1111712
465273 465274
335152 466016
1416861 1218810
465868 465865
465141 465140
75446 1383312
464128 464129
78450 98847
375382 1112465
1164333 257717
1282659 466400
465864 18505
1227402 565651
371377 876282
463816 463817
267528 1382806
463906 25623
1218560 82073
465855 465126
463928 463929
48808 962197
215569 874652
1227318 1227319
1283870 1283869
656648 1331156
67898 61788
464067 464068
465658 465657
465866 465868
465866 465865
465984 465985
465984 465983
1111967 108848
102537 82073
465863 465862
465863 465866
465863 465867
465863 465865
603462 1205356
463907 25623
36269 419398
466464 466463
466464 466462
1284142 1284143
464361 464360
464053 464052
464053 464051
7785 1384019
465167 465602
463906 463904
509679 1431060
463815 463816
215630 1218849
215630 431879
874652 267528
