464745 1218517
1282590 1282589
61786 267332
1291906 1291961
1282594 343102
1284587 463749
323847 1218537
1473712 1473711
1473712 1473713
1282268 1282269
1282957 1218475
144091 144092
420584 1289723
223150 371190
140417 140418
140417 140416
1153927 1218950
1282957 1282956
1473714 1473713
1382594 17691
1108356 66620
723191 643665
372784 806009
1282993 571247
1292539 1457772
371899 1430571
1384027 1384026
818766 372544
269901 1289663
67898 874674
1283003 1283005
1283272 2453
212294 5428
1218967 1218964
1218967 1218965
1218967 1218966
1282850 1282402
1284473 1284474
643665 1473383
1473714 1473711
1282928 465924
874591 165146
1430571 372859
1227033 1227205
1430835 1430762
1472953 1472954
1473003 1473004
1431047 1430818
464834 989136
1108406 1108405
1220060 1220059
1284587 347198
1227810 1227811
723191 768077
78225 1204772
1227048 1227047
1473305 1473306
1383228 874700
1283273 1281923
1282926 1218739
1220743 1220612
1220743 1220613
165006 907012
1284070 1284071
140527 806009
464780 373015
140278 1282329
1472791 1473305
12344 372637
826775 931413
372671 1218672
1281923 2453
347198 463749
1283004 1283003
1283004 1283005
371423 463928
1283426 1283427
1108403 1108404
1108403 1108405
768077 643665
67285 371166
1218966 1218965
1382594 1382595
1384547 361276
1283273 2453
1220343 1220344
466255 1282637
1282031 1282030
1282636 1282637
1283294 1283293
1107889 1108095
1218908 3716
1284577 837182
1115520 68091
1282636 466255
373410 36822
1107849 1107850
1382764 71392
853349 143373
323847 464775
1292012 1292378
372210 1218625
1473714 1473712
1282391 373389
1218552 1282964
1284518 1284519
1283440 92347
1108575 1108357
371899 372859
1108405 66620
874656 874743
143925 143924
372858 1112094
1282921 466255
1284210 1282293
146762 140054
1219491 1219490
439788 1113812
1283440 1283441
1282735 1282668
1383992 1383991
1283440 1108545
33638 1218632
66737 1218870
402694 1292539
1220612 1220613
1282391 373164
373430 1218923
1472569 1108716
1284304 466255
464834 1282417
1219020 1112094
1107857 1107858
1107857 1107856
1227810 1227812
1218475 1282956
1289719 1283837
1220342 1220343
1220342 1220344
1430572 1430571
1382595 17691
1108403 66620
1108405 1108404
373389 371757
1281944 1218552
371665 1282364
100748 1219005
1284472 1284473
1284472 1284474
313663 714768
1281944 1282964
5425 874528
1108406 1108404
1108406 1108403
47400 474534
140416 140418
1218964 1218965
1473711 1473713
723191 1473383
1107856 1107858
1218966 1218964
1430836 1430762
876321 1283844
1430572 372859
989136 1282417
1282426 1282719
1112417 1283441
1430836 1430835
98601 72818
1284304 1282921
1227812 1227811
373389 373164
1430643 1430644
1108356 1108403
1108356 1108405
1108356 1108404
1108356 1108406
1282374 1218810
248273 704882
1218537 464775
165146 402366
339036 114012
1218466 370972
1283273 1283272
1108545 92347
1382804 71392
402694 1457772
1472791 1473306
1283272 1281923
338446 373149
163331 755976
1345855 1373420
1282391 371757
1219491 1220806
1283441 92347
1384428 1384206
140527 372784
465035 874534
267528 1382806
373456 372819
1108406 66620
144330 1033365
1108404 66620
371757 373164
313663 77215
768077 1473383
1283441 1108545
1283440 1112417
3716 550119
1430572 371899
1112417 92347
72585 373002
1112417 1108545
1282420 1282114
1282129 1282130
306765 874583
868623 371757
371000 67587
1218861 1218862
