830967 267147
33154 33024
59109 58922
24975 254981
225489 4062
307763 996641
179337 371199
1346292 66749
66300 727969
33023 32948
1482946 1482945
1070080 1070185
67285 575599
158954 1025265
506305 106592
25592 433593
1256404 51024
1331 233877
163965 1359407
1072876 251735
201958 10068
221012 21922
899452 899451
774419 791327
774419 791326
774419 791325
1495010 159350
303694 163792
12647 213514
314560 225496
847072 464641
372695 5463
371010 43839
1075720 1075721
694341 464511
512848 370992
559134 559133
462134 470823
209827 1258768
858947 858946
27805 528556
359961 43839
1079111 1079112
1488599 1039980
37214 24763
210945 10351
177289 131903
3716 67620
80534 69735
92738 77835
111724 40253
143399 24759
144218 139330
213410 213411
165141 493858
735700 25582
95000 94999
73559 82734
174035 1468316
42799 333447
889624 301331
466366 311889
1416573 1153766
418999 869303
73795 1113959
27760 26674
491462 1435271
1027012 1027013
96394 96397
96394 96396
96394 96395
123939 163955
336890 2133
1411406 449186
512883 512882
512883 512884
512883 512885
791327 106592
28898 158901
1490495 1490496
214548 214549
778351 778350
68461 90232
2638 1521616
10584 69619
1115141 10775
74789 72337
466158 996244
466158 996243
466158 996242
552631 552634
552631 552630
552631 552633
85460 85459
139037 33503
1069440 1069442
301480 301481
88032 88029
1482699 42125
32536 727254
164924 1411219
200668 764168
33246 44656
148968 36165
359961 398252
8015 213110
144999 144998
1258363 1257953
234108 234105
234108 234106
962182 1030558
1258605 1257966
82759 76667
90775 69745
509458 753431
1076935 1076934
267000 266997
314567 314561
1508786 1103658
71356 81369
1072344 1072343
36242 5767
48461 46180
1307 63931
1027098 154832
1027057 1027027
89771 72053
851638 1523314
402140 314522
160668 42371
37828 32126
163263 163810
139847 1024595
528562 778418
729212 139163
32779 212885
1104445 1447122
163784 23163
81804 81806
81804 81805
140899 146803
148983 104367
76990 94947
163782 59012
410315 173783
2409 1116441
1508812 1245224
552494 1366114
212954 139109
98440 88975
617718 617717
97723 97722
727402 717475
16952 4537
559132 322985
543282 543281
543282 543280
67799 141807
35196 67523
830995 17568
99006 78935
1445754 1445753
1468447 1468446
1523066 177252
18070 106585
1504253 174782
102132 512882
148980 106593
79795 95739
791680 398495
465872 36452
748048 748303
37214 419283
723131 1212618
723131 1212619
68032 14122
29257 1523100
195100 1345562
129007 147479
2166 88244
90393 76184
84968 79749
140216 543280
23783 58353
384558 1154301
1266629 1266631
1266629 1266630
5921 750489
96031 88975
96031 88976
559213 559212
46647 371736
526574 17846
139541 139153
66673 5668
80936 90435
1088022 66999
816 729212
293454 42959
1266629 22884
220329 493903
558912 1284309
73136 73137
571301 28057
512884 142079
66516 65806
74973 934147
595427 402325
1475731 1475732
164195 267029
83602 49232
1220594 1220593
716769 143373
280957 43913
859530 845376
68931 68932
853090 164801
247643 372090
1019461 1019462
1346070 963209
31015 79278
31015 79279
749161 1220624
32777 371913
1025104 1025105
83601 83602
23163 163496
72585 82492
72585 82491
72585 82490
1490497 1490496
94951 96335
918160 918212
1383610 406474
144257 67396
84680 60738
67034 47091
148957 106612
143891 142193
97316 75910
59273 371379
71762 72431
1503938 65820
75666 35188
27039 868579
99006 81029
122908 143099
75414 88839
93603 67105
96796 96795
67664 75290
67664 75292
140517 142389
1002894 324158
314523 304423
48461 17689
164100 213631
1488766 1467878
214453 38883
518396 22955
1212271 1059955
1256854 342689
1069209 1069211
1069209 1069210
996640 996638
1467326 1002908
858073 294399
163811 164479
163811 164478
774927 1068197
87741 87742
427596 1289838
70256 116233
1204755 1383463
314523 246963
419506 254810
67586 19729
254445 132113
693786 693785
115814 1033567
16952 164212
465107 463739
831037 791409
72787 1491154
1450184 1450529
853089 164801
39108 27536
63649 16298
84877 84878
99795 996143
860485 139191
559157 322985
553193 553194
312648 163443
148969 36165
273286 1459878
63635 69864
142210 106452
40728 16298
217417 458973
477051 33426
618053 149004
418946 51853
445922 1507955
72689 72688
778233 100407
27157 426678
527009 1351362
37214 1461143
19572 1218526
139285 996015
851712 139163
1382577 569960
69441 66964
361072 128967
84966 76232
19597 11680
23395 118518
359962 14122
23566 106631
301479 301477
2556 1462095
163205 400173
996515 996516
306113 4169
493904 333447
874597 267425
131796 67983
1346378 1346379
74043 78935
1384384 335486
148957 60609
33577 33623
1115091 149788
41393 66089
66767 68432
66767 68433
148968 148972
148968 148971
148968 148974
148968 148975
33275 33276
33275 33277
148969 148968
68304 719114
142425 146803
1069208 1069210
74973 100407
86846 86844
559214 559213
33104 165323
65823 463955
76455 544844
518396 1086
1103658 221187
1346378 69092
1346378 69091
502814 3519
420416 189727
552760 118173
1127074 139191
74675 860356
33687 359951
39927 624371
300729 42414
187302 398450
15643 1467341
148986 122183
420249 420490
918215 918216
462138 1435199
69735 72822
858073 858074
446719 446718
624247 1489089
624247 1489088
1447475 1447748
1447475 1447749
5445 5440
10775 1125342
1059716 252212
869300 869299
446703 68029
215360 161211
375249 102308
71714 94741
77156 77155
106603 1220335
106603 1220336
1002891 1002890
449186 51049
303507 303508
372701 561847
372701 561846
1002896 183851
33104 43839
492312 68004
140458 141232
1244255 1258566
92365 78731
1104445 462064
1019461 68038
1024716 1024715
1024716 1024717
179361 46189
163248 168724
66936 419031
114949 314522
941631 132956
47222 215134
1350059 1350058
1350059 1350057
139143 139140
139143 139141
139143 139142
314554 314555
145980 145981
162426 214087
66346 419361
1073656 1077115
170835 170816
574786 1468294
1076922 1076923
86845 86840
596339 273105
27779 1114673
27779 1114674
165281 36165
1467727 372668
253937 164947
212316 212152
445847 420531
559671 458915
559671 458914
559737 46414
42613 314568
42613 314564
72822 73355
75885 72122
41695 1116607
144011 144013
419218 419219
2560 2466
393309 1467727
934222 934221
64131 401941
76275 76276
74044 69745
372181 112591
90263 90261
90263 90262
72828 82790
4402 42534
1258135 791409
1385777 66346
96348 2224
1468882 140584
94749 72372
73338 72715
3711 250017
536249 106592
1258067 831048
419250 66385
69092 69090
314596 1187
94748 72372
709200 1508781
719114 68303
273305 363971
201725 158933
99232 9318
318332 42846
553112 410380
304401 304400
739671 370950
215704 55111
118519 4303
91351 83690
124312 329088
7853 106588
47140 65867
176476 624245
122840 324193
656557 656556
14617 35563
558999 464023
1040581 717340
512883 26025
1066869 1066867
753513 5378
774419 106592
1385926 530573
59319 58990
163792 1220335
71464 281
449091 1024753
1459879 24498
996397 373399
215539 215536
215539 215538
4464 17689
84967 84966
165214 149149
769796 68035
1165568 1211514
478557 402448
1490495 1490497
1069505 251253
559443 559444
333766 1345590
106594 105516
58978 505981
141060 141058
194478 198854
1069440 1069441
213015 37816
1383090 1383971
98483 72121
1170295 67953
764071 418716
1259055 1259373
11245 18041
656622 656533
34490 86344
106612 148972
764167 200668
76523 9430
33046 15226
148947 148946
32948 43839
506118 18578
1304982 692709
60470 85180
60470 85181
67699 67700
464510 464511
493902 493901
464477 464478
464477 464479
303694 106603
559761 26114
1450053 1448616
14425 312887
252245 543364
99403 99401
1345733 1345731
1345733 1345732
963316 1338263
393309 372668
1546 407
371300 134303
445613 1218594
1468316 67607
1417138 144543
439842 1489088
1211404 1211403
459766 1155380
371137 2511
859533 859529
85361 1503959
1002891 851212
249370 22228
97723 97719
18574 162564
420714 1099417
446288 3256
98482 72121
212543 100407
289867 14425
69406 68036
148970 148969
142193 81243
1073994 1073993
15262 74044
122840 1163737
148971 100001
543315 147455
323089 1126102
379692 465968
210760 413721
889623 68440
957580 147469
918290 918291
547771 300116
559069 141429
36868 37273
539153 868359
71996 80106
68461 25991
418962 418963
361087 128035
69013 73725
139364 143555
1059716 1059717
106574 106573
273286 371443
33313 43388
146075 1461172
130406 212504
39927 1459878
1308994 1308993
140073 140074
140073 140075
140073 140072
85848 860356
464479 464478
19908 118501
2586 129891
602798 947894
96347 2224
1411388 1411537
1411587 1459693
76421 90891
157310 223389
74379 176355
216240 202814
186626 212489
111139 25361
466458 466457
481722 66964
1069506 251253
181101 4062
753694 6151
42799 493901
42799 493902
42799 493903
85710 97699
1449073 867910
258500 181086
1039336 445770
830995 66998
25993 158807
72557 72558
39927 371443
309100 279735
25592 313488
190142 1266101
163805 100374
33154 104604
145523 173112
147431 543276
33008 1247357
717340 353705
304423 246963
996298 996300
306476 753126
68478 139844
791824 215389
935070 386338
43913 797791
223378 306419
791325 791326
110898 110899
202814 29779
77904 79939
163888 42371
78327 88424
78327 88423
91946 267422
76220 75885
372342 1331
210760 25268
164195 1108970
76455 868491
16972 67603
179341 296480
75254 78413
314567 42613
1386017 1386016
1114674 1114673
158915 504918
466457 163494
225489 918997
65823 60795
616607 148983
1069209 1069208
996640 996641
1289822 1082193
143891 143897
859515 860284
1140128 1138884
4537 559337
76089 77313
680803 693927
680803 693926
680803 693925
680803 693924
77251 77250
6080 1015332
281053 1461830
445602 415686
1258735 1129295
562162 66964
76288 76289
167277 212053
559490 559489
142075 142820
466366 466367
372248 559762
18574 225489
267068 67843
67396 144130
18574 165214
80570 80572
32309 106580
143098 143099
143098 143097
213852 100374
1140201 1138894
153892 1076923
153892 1076922
121490 70075
859532 859533
234120 234118
2701 293133
58398 559727
27805 33383
1019484 419336
1024630 1024629
1082097 145783
72032 71567
88975 88976
996638 996641
252212 1059717
1447750 1447748
25621 213267
73391 92919
143898 33452
464565 464562
768790 831048
99402 99401
1266632 22884
20842 215134
20842 215133
313663 445601
17800 8543
143410 859043
14256 14965
934147 123094
388937 113486
49736 158915
14365 147334
210760 159350
66983 18590
66045 419183
505860 49736
142714 139782
14772 656556
14772 656557
165281 165282
165281 165280
37492 562213
4464 355207
58934 158998
75215 71800
323257 68035
76562 73048
78806 78805
996524 996525
158915 251314
409032 16612
154990 42377
1346378 69089
5455 2489
69878 918313
83826 73827
143029 139782
596375 19903
764274 764275
69404 1503915
163504 163503
1495109 543334
49322 1024532
49322 1024531
466366 836140
512883 512875
1139227 1139226
86467 75826
158901 28897
285682 1154902
2556 122709
78249 73365
267391 381199
85795 85794
446703 68032
702760 1289720
559566 559564
1099497 429129
172922 170816
14256 477048
140082 139900
113199 322605
300729 176684
559289 559288
1256755 144319
1383569 1383463
918216 403640
39927 1459880
403891 33305
93924 1504071
1445850 1445849
371792 371791
303646 419709
66679 558987
996241 996242
996241 996243
996241 996244
214983 20390
830943 43839
303378 66998
1244892 250063
177208 1383771
2129 71146
90263 80776
458972 217417
316854 1207642
1468314 174035
74622 74621
213349 149165
358 1040133
80107 80106
493023 559168
248137 559472
346914 32550
50278 66732
148970 4011
37359 163730
323646 185320
868698 493013
164556 754654
106870 163596
1260067 1522081
139562 139561
69038 68657
78594 70106
181073 109345
164102 164209
400173 148986
699566 445613
869416 279246
72121 86131
91600 91599
27833 1258108
527258 22398
681136 801209
179323 234124
1266099 1266100
1266099 1266101
464461 747263
222578 66402
145166 139858
84502 84501
446720 446719
17341 91262
164446 559522
543292 5429
33489 165165
129570 402102
164477 163811
211475 211476
1308973 1435238
163294 163607
18062 24751
1504381 1504380
1135089 218620
1359386 852031
445361 420368
164477 851288
464514 464189
465872 5460
163205 148986
143553 139363
458914 458915
1447929 1446191
444966 1116474
1027057 891685
398366 466895
935006 934600
168272 10775
559582 559581
559582 559580
869443 128362
26674 859763
81378 99026
552630 552633
17106 267474
132047 33157
24759 481692
33627 85492
98053 82491
212158 42069
93924 10032
1389419 1389418
764059 764209
935013 49173
163782 49961
267425 267422
347258 17763
996639 307763
134303 996485
23395 505701
547325 324158
1069777 1077691
140216 164981
1256755 144318
273114 656765
143245 146655
27647 1491210
996514 996515
97722 270
81556 81555
99876 72943
212801 25361
464510 464508
464510 464509
91717 267314
1258427 662744
212239 1522081
1467344 1467343
399980 399981
34952 1211225
1081847 11680
82736 93966
82736 93965
323089 371238
158741 934508
918326 559419
208761 33383
1504133 114525
859290 472564
143101 122908
868360 539153
165282 165144
249370 314558
1504142 1504143
68454 419830
118518 504889
859533 859531
591870 591869
73165 73365
275803 19732
766122 624324
859529 858201
24759 159947
426678 144305
143399 1521636
441205 496968
476995 93924
233106 1024896
1504369 173112
88624 1504380
748361 464216
1416758 1416759
164446 918270
313488 433593
73164 73365
1108190 1256444
1116897 60960
301089 185320
1490717 1389432
212800 122123
80101 80100
899591 899590
100407 267093
95958 94033
80779 80780
99795 139285
543292 14425
179338 33157
72261 72259
82521 82522
858201 859531
33022 402480
71819 75885
33154 359961
95838 1491135
493907 493906
493907 493905
149165 65885
420346 874728
266892 162564
75277 75276
419846 39396
17568 25098
748048 748067
141830 140317
1266632 1266631
1266632 1266630
1138995 1139226
1078898 1078899
15262 69745
1450184 1450528
90232 25991
1067916 1067914
165142 100407
72943 49232
749149 221992
100748 25611
543280 27669
505859 504918
164102 24790
831048 1366114
25592 267097
791325 506305
464495 1125637
102163 371070
66742 66741
82711 72945
64131 402325
616985 42377
86545 98055
1153910 1153911
139046 59359
1449886 1449887
39971 42371
36720 38695
176672 106604
400127 47092
301479 301481
1523332 1523331
141000 144461
1002881 754427
213267 215538
213267 215536
213267 215537
333447 493901
333447 493902
72259 73028
68221 1346449
139592 139593
626793 36608
889693 463775
267314 59012
1212378 1211049
95042 95043
75446 75447
1359304 1359303
34519 63931
280412 248110
321541 596339
2266 1504120
933721 446511
1212618 1082187
934945 996638
59180 28149
87078 87080
267493 70204
73363 73165
543281 27669
301190 1127677
1468315 1468314
163923 548384
853089 67968
1446199 1446200
398610 50083
934308 10068
1383609 406474
372335 233877
852158 887891
742319 630524
27997 22497
68315 69943
2857 51853
1488 182433
943004 147434
177284 791748
147469 957579
1141692 1139818
93127 82790
97499 97498
197810 506080
164477 163546
273183 177267
323246 530818
61043 66385
67396 728382
142079 512875
84236 76982
65864 26169
215538 16601
148986 106591
458938 458940
444982 1107258
237701 250044
213417 38883
214453 171870
84925 84924
312884 752840
1491135 75564
504947 504948
602798 149787
996308 996309
161045 163417
155803 1075479
73559 82736
67347 1461096
88296 73853
672352 563689
1431104 458888
1256405 51024
439931 717475
97101 97100
859533 858201
1075325 1075326
1075325 1075327
148970 148957
1153766 42959
67088 225496
32854 32948
465861 179341
1039477 457186
29810 148923
1359407 148942
80776 90262
80776 90261
318332 156573
212989 791748
1114097 148942
75292 75291
1024977 59220
1308972 163884
67105 93303
1072346 1072349
1072346 1072345
717429 1459880
1033467 569468
1099497 1099498
76122 96821
1383569 1204755
752811 14766
1461095 1461096
16596 338100
140234 225489
26188 70075
14365 163884
764059 304384
1430540 1430538
1430540 1430539
163782 267314
73364 73165
49260 466366
680798 1218678
8471 152993
71887 83681
303733 86924
28217 830882
69946 70240
99005 78935
1491135 1027025
559214 559215
559214 559212
148974 148972
148974 148971
148974 148975
831048 1041063
18584 18583
857847 857848
163884 10351
143697 143698
98189 98187
747310 748527
1250543 446510
88438 72835
1220336 164437
996298 74686
1468678 11988
314533 314534
164006 164801
141830 141832
141830 141831
15067 23142
478500 25914
360490 428699
144218 51646
4325 1385428
948059 948060
371379 21138
595427 64131
322913 559295
131796 266970
1266628 22884
74384 74383
73317 73315
11680 392056
283091 1114375
36165 145068
1385373 1116808
505860 158915
1258115 1258218
1468893 12341
569289 273313
996640 156383
141268 141267
298339 252452
543282 27669
996561 258350
54807 139320
18406 71567
163958 164195
738563 326912
1069208 6350
164479 163546
1153911 386338
402371 845879
693926 223389
96005 73028
153374 67751
72508 95867
72508 95866
194540 419824
312884 312887
312884 312883
164925 1411219
133828 14277
67587 381199
181101 18590
49260 836140
272960 23574
464968 163494
493123 530573
934945 307763
236732 198591
89771 81555
558902 409032
464509 464508
1073994 1076947
934147 778233
96226 140689
314563 64996
77439 71686
252300 147467
464565 1070080
72053 81555
128182 428188
251564 221260
1127344 1127343
141692 141542
99795 996015
371737 46647
33157 179380
360012 552630
360012 552633
128362 104190
303992 4502
18022 559780
161256 252300
19879 67273
143898 143895
84315 465521
36608 869188
85361 85363
426678 466419
179339 131892
466021 49961
143101 143098
512897 512896
140216 217595
92128 73049
439886 616523
656600 656599
314506 19226
547771 227322
821520 996485
139167 139168
96157 82241
397079 426720
142425 140684
267117 64225
92686 171870
148933 148982
66767 39971
996441 25098
1204755 92655
370968 3152
163606 791327
163606 791326
163606 791325
749108 749109
1153761 1153762
1030323 1030322
86844 86842
86844 86840
61050 769858
2647 1244854
17474 1385435
160462 1458764
727419 2328
1410863 375336
1258241 67273
73338 76232
69909 40553
874591 165146
876107 995962
1040852 24410
17403 1345876
76899 80398
163783 778233
88438 69013
222578 142803
1289720 702743
1069440 906618
527258 616707
73338 73339
73338 73337
559583 143907
42799 67383
69258 47091
5722 139561
5722 139560
139541 146530
105570 66086
33503 33627
735700 569468
25175 34867
1430539 1430538
874524 22930
93603 1062073
143475 466395
88031 88029
98093 85795
1072151 1071874
680798 12115
303992 303993
1074949 211037
859207 141126
419052 1129075
371423 67620
427884 1460097
77319 79278
35284 626793
15226 267238
1461170 530818
458914 559672
66999 24750
305931 20146
552560 553020
512885 512875
68038 558898
1457286 13936
40234 34952
141167 140563
159197 217351
76122 93577
371300 821520
163782 466021
167277 117230
18601 4062
423921 323125
1266632 1265943
159144 179322
40948 182777
75060 75059
33183 179344
33436 506192
105487 106452
66496 715378
106612 100001
78200 78780
33119 375371
139967 139218
293601 1024833
337448 112450
158744 29454
29258 459782
1447749 1447750
74620 74621
72146 858673
88470 88471
214558 214560
66665 142803
66767 66437
748303 748067
267117 250087
462064 1447122
76328 76327
165006 32188
267391 17129
102461 530593
92292 76897
76561 79090
102537 353711
1266632 1266629
868518 217473
889623 112184
553414 486076
19572 153460
234123 373051
5921 9674
816 851712
558902 218457
1489126 6701
68454 68453
1522080 215406
218181 69026
179338 132047
1024585 1024587
1489089 1489088
486059 1039472
465766 148669
153715 1067007
153715 1067008
90223 10846
71785 71784
71785 71783
72623 97508
1346070 384809
69038 46332
536249 791327
372342 233877
78200 72918
165206 715404
559065 464023
1082101 1082100
551395 210631
1289916 1504251
14365 10351
27407 68880
252325 1059801
252325 1059802
106643 106642
1099603 714258
36712 1362107
491462 314522
996524 996526
1028664 135414
466367 311889
1462071 281022
32964 32835
36720 4142
84968 76232
68038 276918
996630 996628
935070 1153911
1099603 1099605
140892 140893
73348 49795
24712 148962
1468224 21201
559491 559489
75343 75344
75343 75345
472231 1432791
464022 100475
18178 934600
164750 42371
723484 118501
66845 1234842
1448558 1448472
1024743 934360
84729 84730
1027037 1027036
6350 1069210
9117 13537
464022 110924
1140110 1139196
97720 97723
97720 97722
97720 97721
33383 67871
1350718 1350716
321541 267147
220329 333447
764114 764208
99005 81029
617805 43504
1483027 437259
179297 179298
1266099 190142
27157 466419
1359313 105516
859163 859162
215539 25621
693954 693953
134758 2336
215537 16601
730797 1389455
730797 1389454
78022 145256
33317 371913
1346006 91765
1476016 39941
355205 1062335
791794 791748
504970 251314
17689 481709
71784 559489
18574 24498
594302 894147
372342 372335
372342 372338
212058 1468085
212058 1468084
85795 98094
140458 142425
23163 254676
160816 14570
764106 69090
1154873 1154872
60919 91573
153782 27172
76899 76897
182994 32779
401959 35139
1154165 110899
918312 27837
935037 1504170
559135 559134
6285 555629
899595 402370
67937 16847
402507 2560
750426 750425
64996 42613
91964 83482
76290 76289
493904 493901
106579 102549
373387 131843
5460 465871
1266628 1266631
717429 1459878
1346353 66045
859269 859268
37209 1490
77313 77157
82710 82711
141920 146655
996561 6285
464804 1283819
8590 58888
40948 419282
142209 106452
1002907 66872
493904 67383
73826 86977
1211791 1148824
693924 223389
82734 93966
1350697 1350096
30681 373136
1110297 1110001
266825 67587
300116 44784
134758 18041
196026 164452
97721 270
97721 97719
111139 122123
144216 353705
478500 311541
43033 58922
1076935 710203
1351424 1351425
464565 1070185
73375 72337
1019462 276918
218457 409032
559517 97714
512883 102132
372335 372338
1018397 1027037
1018397 1027036
252476 37065
20258 158189
80797 81806
80797 81805
372338 233877
753816 306476
17689 267371
90218 1164418
747289 747355
1383721 107328
181069 4062
212543 123094
553020 493013
146179 106598
148952 244971
552560 552312
559517 35409
9430 71665
164803 69619
631250 1155130
419868 558897
419868 558898
163958 1381106
407 1024790
512848 512847
284395 1039297
80571 80572
80571 80570
57598 68461
853089 853090
158902 158901
66437 68432
66437 68433
17972 106598
830883 222634
105570 51853
538948 887886
764133 342689
599333 1163582
165141 165142
165141 165143
218457 16612
2560 2559
250097 250096
118518 210788
2511 27835
1523344 1523343
458972 458973
458972 458974
371137 5455
33687 120165
746846 748460
90776 69745
446295 353918
1258067 420390
33478 254810
1490619 1490618
1410954 106604
93924 1155250
66749 1282999
314565 314564
314565 314566
314565 314567
314565 314561
314565 314562
93965 82734
420744 420743
234119 234120
251564 221275
512883 32908
196938 830870
304134 419497
148434 1495109
334217 258350
74973 778233
67933 65370
58907 122188
1039393 928542
410151 410152
96445 96447
996561 334217
852158 14294
996619 576921
996619 576923
256749 260371
1139197 1139198
1139197 1139199
1139197 1139196
1488599 1488598
143556 143087
624371 280867
67315 851712
1116593 1256501
618480 543334
1462013 798341
210760 1309030
273286 39927
140690 96226
66983 18574
1266630 1265943
85848 859279
144219 144218
144219 144216
144219 144215
559755 472249
19226 314504
79388 79387
1155526 198854
1308972 1308973
1025131 1025132
1025131 1025133
301480 148927
339286 797530
935006 18178
13715 85492
247994 746986
1490336 69654
213412 214465
72835 69013
753509 509458
195740 41244
558932 10834
33379 215337
303641 141919
323246 1467345
312883 312887
632327 75976
179350 301250
71445 75085
355207 1039322
211199 211200
4502 303993
212315 212152
71686 72138
1382850 77835
211113 122803
33216 250087
559518 35409
1069506 1069505
104684 104604
768830 481661
22038 163392
438379 1107142
1309030 413721
401271 868573
88031 88032
88031 88030
21167 232028
1447749 1447748
194479 198854
58215 32948
67586 181086
1834 80857
1411191 36064
163965 148941
163294 106592
33533 33317
139562 5722
32491 195740
67898 38034
1218592 227504
3006 280949
496968 372695
37301 1381132
247643 899450
267117 33154
858255 858257
858255 858258
553414 553413
65943 66445
59016 1154988
59016 1154987
1207679 321544
1247357 165323
59662 65446
1504139 90218
555569 1027027
1416938 196667
314510 304060
18574 179300
77171 77170
337080 1458798
1029669 46188
559761 559762
749760 215427
106581 32309
72975 72431
683050 194516
996629 996630
73348 80254
4402 514197
267391 67587
87735 87734
188189 181039
447203 594302
120165 33384
458974 217417
404077 128116
139623 136571
565233 131510
445705 1113877
1260067 215406
465960 464620
1350717 1350716
1350717 1350718
5437 5436
16270 176684
1027027 44229
148922 29810
81723 81724
1523296 795977
181067 267089
1385373 889467
83439 83440
94275 94276
148973 106612
73848 93592
85848 494726
749165 160128
15121 749952
1346378 764106
211051 847072
67587 245074
33312 33313
624371 1459880
304180 419709
947894 149787
76561 79089
853089 24712
3364 106691
21492 1411417
93924 33366
1075719 1075721
1075719 1075720
553414 553012
142210 142209
717340 1082186
139264 139262
91188 77543
1331 372338
859261 859262
693925 223389
656556 446492
559746 337435
552761 118173
88297 88296
149155 616756
165006 8543
88030 88032
8015 1504275
559066 559063
559066 559065
559066 559064
72947 1231
34519 419843
1211331 1211332
1211331 1211333
558898 558897
536301 15122
714731 41922
1384292 1384293
371415 296480
314509 304060
1468452 1468451
559703 559706
61788 251211
142209 105487
194540 775914
506179 206157
47222 211383
764125 128415
918281 918280
996638 156383
559491 559490
314564 314561
1468315 67607
1082152 980070
18607 18606
139591 139592
139591 139593
1114387 1114388
869126 869125
869126 869124
869126 869123
164947 14603
899627 899628
1430541 1430540
1069209 314147
267154 398366
536250 106592
717429 24498
693924 693927
693924 693925
72975 72976
1459879 371443
774419 163607
774419 163606
281011 447128
1099621 1099622
90231 90232
335010 617107
857975 857856
34952 464705
220329 30756
143475 1116453
371443 1459880
300729 528604
512883 142079
402257 24498
420671 145256
868811 160640
84944 84943
1467998 1467999
217367 112080
147367 216002
1081561 1081925
418999 55499
1410863 311541
596375 139142
996639 156383
464504 142193
96393 96395
96393 96396
1447751 1447749
83601 72943
54807 139471
67587 19729
148970 106611
148970 106612
93924 5825
32927 19729
906905 907055
1002880 1002881
1069441 906618
764106 69089
1064150 624129
58990 20500
9137 481652
72575 72573
443845 1432873
458939 458940
1067008 211037
1067008 211038
18574 41742
92006 1224379
699566 18578
96574 96575
559259 559746
148967 106612
20842 123776
161690 1430538
49736 504918
148970 148975
148970 148974
148970 148972
148970 148971
214453 214452
63649 135338
18574 401959
420435 420606
72860 72861
22955 1086
25956 247994
267117 244971
24786 565319
401271 74928
124128 33216
17930 23395
97795 97794
857754 857755
78781 78780
82710 82709
12341 1211319
213349 65885
18406 6673
372248 70075
68131 66926
110898 1154165
996395 373399
853090 67968
2224 73018
774419 536249
33624 402258
1116593 23163
39581 139836
1074193 1074194
961538 1508626
594302 508145
5429 752840
559176 323794
1155864 273105
21201 20685
88874 88873
427884 371149
258500 212131
496949 464778
526574 252439
213015 213016
213015 213017
38823 715404
165282 36165
254726 254725
1389454 1389455
314147 1069208
1060244 1060226
616709 543305
97269 77313
876107 995963
74512 74513
83668 83669
116651 22963
144122 144117
33312 15226
1595 67751
42799 30756
1108789 528604
66679 710682
371737 371736
214911 66028
58487 544075
42799 220329
76447 9430
859291 472564
24498 280867
76713 267474
79334 79335
141832 140317
303521 282257
667099 1346124
667099 1346123
143898 142193
141761 81761
98485 72121
148967 148971
148967 148974
995963 995962
539281 25268
65866 876242
1411249 176753
362826 419046
67064 39396
1127342 1127343
1127342 1127344
155301 1432873
23395 210788
809646 1039424
559063 464023
25677 34952
466021 267314
66983 181101
249516 656652
148970 36165
18565 18564
787291 4169
32550 211260
107338 137653
303694 1220335
749108 32373
131892 179380
705655 407765
1027035 1027034
213016 37816
144216 139330
20842 211383
66258 66257
66258 66256
301479 301478
79944 75504
558898 39354
93924 1062269
559662 65854
72975 71762
158741 466080
1027027 1027059
1154908 1154907
1154908 1154909
764166 764168
764166 764167
95239 79749
40948 37214
24712 148961
46251 106595
15458 67149
1546 1024790
65049 94999
300116 547922
143553 143554
143553 143556
65865 65866
65865 65867
506094 506093
161450 851775
148941 1359407
16946 420231
209133 35849
33312 43388
868360 538347
693925 693926
693925 693927
753430 46776
76261 76262
918157 70188
160462 3693
225489 18590
1066869 1066866
1291069 1508263
419077 144128
717340 402843
303646 775341
1283565 715441
33383 221549
33112 164751
272357 1211319
1218793 165146
216826 32804
661788 32309
59273 267314
140899 140458
1218536 1284445
1346378 1346377
148947 148948
24752 113180
66969 92126
177289 618496
79508 82790
466021 59012
402102 128579
569289 1422992
452279 1258784
11988 1224494
1257968 508145
267478 158682
316442 394511
144319 144318
879974 423921
423750 478498
1259055 1508389
630524 68486
106611 163330
1024890 1024889
97720 270
82989 42409
1029668 46188
69220 67390
918377 918378
143898 143896
33638 25914
93965 93966
1030522 1030521
164801 67968
347510 131968
1258598 1346156
103485 263516
1070317 557800
559287 418976
18590 192983
32948 33397
179357 5455
830882 1526317
419175 303646
17129 226838
163606 163294
16206 66999
18574 181101
92290 74149
439211 176684
1362049 1079812
764085 246963
372181 32804
148997 148996
33489 17129
66516 68131
1081824 1081825
996629 996628
163782 371379
321541 273105
1025272 1025273
65864 65867
65864 65866
65864 65865
163960 164801
82751 1504142
128182 50083
24751 252
957580 957579
1025254 1025255
1025254 1025253
1256712 947395
80230 80231
445468 267147
91572 91573
143697 142820
66998 996441
223063 69988
1411167 158933
248939 159940
128415 764209
1346377 764106
420287 142803
123776 215134
147446 934079
76562 83675
48827 59319
158189 59261
424071 869299
163494 164748
30038 24757
1099606 1099605
569468 25582
6285 258350
1461089 1461090
1081615 1081616
306419 103382
465698 67862
267474 324193
75342 75343
75342 75344
1116593 254676
25054 214911
934147 212543
1002894 419649
164480 163811
143102 143097
143102 143099
539153 561551
139363 143556
139363 143554
753509 753431
267528 338100
146343 146344
163606 506305
139206 304065
5429 289867
314565 42613
1072350 1072344
140458 140684
1025133 1025134
88030 88029
360993 38482
141864 33503
419230 559419
373387 181083
1504254 174782
1027057 1027059
143399 420239
858637 14639
990420 1100
624324 624124
1072344 1072347
1072344 1072346
1072344 1072345
1072344 1072349
1072344 1072348
155367 1384465
139285 142459
1067915 1067916
1067915 1067914
88423 88424
1081731 47457
4011 148971
1450529 1450528
163792 1220336
93924 273305
1504013 16943
85556 85554
17731 1129100
727432 33008
72169 84830
106579 106598
1445753 1448356
38322 1482699
1350058 1350057
1256452 74249
565823 513381
559761 70075
75414 73881
83012 78203
1110241 80361
764064 304436
481718 481719
371884 419419
1384400 420323
73164 73165
996525 996527
463650 314522
707950 705655
39971 68433
39971 68432
76122 76123
651867 40253
59012 371379
75159 75158
20062 313521
26169 65867
1346378 69090
620426 1005915
90231 68461
96574 89908
139987 139986
82711 82709
315829 845376
163784 163496
48838 23399
321215 750473
18594 2560
558998 464023
942970 942969
4011 148974
4011 148975
266825 17129
140623 93087
1447751 1447750
32777 267093
186170 164528
87735 97906
87735 97907
1416573 42959
420390 831048
463751 15122
181058 121986
86845 86844
86845 86842
321541 830967
65823 17474
82723 77979
552559 552312
1346069 963209
266825 381199
92986 72038
165281 165144
59260 17609
1491264 1491266
1491264 1491265
66998 84878
23163 164222
539281 413721
618053 618052
559523 559522
60482 372781
1383797 1204755
148974 36165
60738 84681
301393 1461096
179339 132047
791326 791327
727354 250063
93924 15469
32905 86329
496921 371743
1450184 1450186
74807 84046
591678 324158
1060448 1059591
40785 1116474
148970 148968
148970 148967
285682 194821
102132 512884
102132 512885
935037 211648
559062 67125
420671 596393
90775 90776
143891 143895
143891 143896
1069441 1069442
1468293 1468294
301082 1060297
167277 212054
145389 158798
530905 831079
217361 616985
59273 91717
139482 139480
749760 749761
1128322 1128323
72946 1231
47091 1346128
1459879 1459880
996524 996527
1345945 40253
70107 70106
170670 171261
303993 1116683
25621 16601
11220 39354
1072345 1072343
552641 552665
1266629 1265943
478500 375336
1359433 8543
47795 44820
641938 297510
40228 4142
214452 171870
59224 463873
83916 81029
72947 90591
84968 84967
84968 84966
212800 111139
458879 458878
505860 504918
303568 464214
66983 162564
530602 899476
181069 4464
88849 88850
314147 1069210
163811 42371
267474 122840
74580 1346167
1034538 1447304
1034538 1447303
33640 192983
68033 68029
1257069 140905
139562 139560
69909 267200
144219 51646
33312 226838
267528 491148
708585 703750
69211 571301
33430 67232
2511 48516
1467597 147367
273286 624371
459764 459763
32908 512885
32866 177195
73363 78249
181101 225489
1257050 139362
37273 267045
22398 616707
143697 142075
31015 77319
148967 148968
148967 148969
70660 477056
69091 1346379
150425 729461
906905 906904
139037 140892
139037 140893
481660 68035
80360 80359
142585 142586
142585 142584
1073994 1076946
1073994 1076945
163606 536249
66346 47243
69878 27837
1362208 1362016
1039336 1081948
857 147489
48802 30654
66445 69366
466158 387353
869443 104190
12257 552665
92686 213417
67587 17129
159267 1462093
41695 1384561
1383950 529339
100646 1060615
1024450 1024451
68038 558897
301477 148927
181101 16270
84945 84944
1212709 1108597
536301 1504013
215645 157989
75318 72162
1099604 1099605
536249 791325
536249 791326
754427 493857
1256817 1256242
67843 194425
1099603 1099604
1504254 1504253
33312 17129
67586 1595
92648 68551
67105 213619
41811 559032
167277 558933
32779 16593
1468633 1465561
749888 1139166
33313 17129
303641 146655
1292353 863893
78177 76184
717340 569289
27805 32779
201725 1411167
1088020 1504383
98189 98188
1449006 1449005
20792 20954
727432 165323
594242 1082224
92738 1382850
211633 2224
28684 899507
723435 1155278
144800 139173
1350059 1350056
74462 74461
314574 314573
74686 996300
214648 41177
1218905 38216
996298 996299
165095 559393
1140128 1140127
83601 49232
25554 59424
128362 729461
1113999 1114000
1384235 96095
558999 558998
371109 1430479
2328 79368
84967 76232
72835 59230
32905 82967
33452 142193
112481 304411
1244622 1258359
25683 279246
1153799 270528
1435271 402140
1449693 297510
40948 24763
4084 1103257
16613 32155
1067008 1074949
68729 66045
75359 91133
76 342085
304399 304397
216240 29779
618822 129891
969797 1153562
123467 100407
97431 445772
14797 230
139142 19903
465713 258343
463726 463725
105 12
353705 275803
559135 559133
355970 458866
72975 72974
1449073 1071654
1037849 1383796
212053 10834
79525 1110018
102396 868696
85703 85701
68831 139140
68831 139141
140317 68561
372565 233106
1385340 1385407
66999 362506
32948 33383
285682 212798
92686 38883
79279 77319
1459879 717429
86840 86842
934100 882063
858256 858258
215685 212239
18070 106584
552631 360012
458938 458939
213267 16601
559672 458915
656544 368119
17403 1385654
543334 543347
1069211 1069208
1089063 181039
266825 267391
147232 1495105
158954 959679
68032 402250
44784 918997
1258401 1258223
465766 530530
165282 165280
227680 420603
258500 314596
858734 857744
80230 80229
10584 164803
21537 165095
71449 934558
293111 1155953
69435 69434
458480 8543
1060243 1060226
284381 284377
1002880 754427
463648 512821
918312 918313
552760 552761
69026 267089
2222 201958
243618 301260
699566 794563
11988 61257
106603 164437
334217 555629
1488652 371340
33312 152951
606328 423947
106575 106591
74805 84047
1459878 1459880
102308 543339
82736 82734
144217 144218
144217 144215
144217 144216
142079 512885
142079 512882
1099578 1099579
177210 1410992
79507 1383077
73559 93965
73559 93966
1385926 1385925
1385959 768829
419357 68926
419250 61043
164868 164866
164868 164865
48461 165214
891685 44229
42613 314561
321229 46717
1110320 1110319
333447 30756
75191 94455
1073656 1073655
869187 36608
69089 69091
69089 69090
69089 69092
81942 80143
222959 91946
84945 84943
75359 2224
24772 164748
576421 63635
1129001 513942
25361 122123
214452 38883
33278 33277
33278 33276
33278 33275
141613 141612
143100 143099
143100 143097
477219 1040087
4464 165214
145158 616094
83240 80779
1141691 1141692
717429 624371
215124 196667
1495168 123043
252070 1067614
996220 267093
68996 67349
419843 63931
301479 148927
140577 142714
1139199 1139196
1139199 1139198
859367 859366
372846 38482
210472 20792
23833 552664
97720 97719
244703 714765
131549 1113932
93924 1154852
830995 996441
337080 176319
69644 143173
717475 165146
141066 141067
141066 141065
73381 81942
113640 18606
90744 72818
164006 67968
66749 66748
506232 141807
213718 466080
97077 97076
1467342 1467341
58517 234106
624247 439842
747964 747965
273001 251211
67383 333447
88631 88632
778233 123094
43553 19903
3256 58888
165023 749153
1019484 202814
347444 464479
181067 69026
29779 419336
217361 42377
163205 122183
17403 1346144
1187 181086
398439 321487
194821 1154902
60482 144781
66983 266892
1072349 1072345
1211514 1211515
17930 120165
251314 504918
514705 738563
6285 334217
140073 141494
1258108 1108793
996536 996537
996536 996538
82752 82751
121490 26114
46251 105516
1504170 211648
78171 65370
144269 144268
465469 851711
465469 851712
141920 141918
141920 141919
141920 141916
141920 141917
96520 96521
1073655 1036360
148933 213152
1069441 1069439
158606 158607
312883 14425
98094 98098
98094 98097
98094 98095
120165 372591
8471 139109
1204755 96095
40234 464705
2586 618822
17930 210788
727419 33008
1258720 1135575
303377 17568
35188 74060
553189 553190
373315 559133
148941 148942
32964 23155
466021 371379
182994 70204
868212 868213
624245 181086
93924 886541
830904 251089
373247 372923
1141048 1141047
401941 402325
66998 17568
512862 37085
1025123 1025121
1445556 1445555
47140 26169
97721 97722
97721 97723
23833 410703
145158 616385
559518 97714
889667 248110
72121 98484
60687 67518
143399 140234
70121 400338
1411110 143463
11676 301247
68033 68030
68033 68031
68033 68032
996158 996159
164446 464023
61788 378170
996639 996638
161224 169133
372555 446718
372555 446719
2586 164664
141611 141612
372565 1024896
258500 1187
67098 68333
163198 267618
110350 466047
80830 77157
66871 66872
714765 810235
17118 2224
1482783 222453
71916 71915
80088 83306
1027010 1027012
72328 72330
147639 558912
879974 181061
493902 30756
1460097 371149
267156 255711
934100 1345703
459775 110898
83916 74043
1258916 371493
717429 39927
868518 28057
559287 559288
494726 860356
73827 86977
280867 1459880
66445 95619
768307 6598
142825 140956
72622 72623
43033 465345
143014 143013
1467597 216002
33383 33397
22228 314558
9137 1218982
371300 996485
830967 445468
93924 1061782
33104 27791
887898 281011
147639 58392
50238 48124
148927 301478
1099606 691721
553352 99183
512847 370992
13119 1346229
2701 28120
140517 140516
80532 89183
5450 24753
1468293 574786
1059648 58364
121982 2489
84047 84046
876143 106576
67750 373186
372759 464043
83240 83238
83240 83239
32491 1153732
1033467 25582
371415 179341
163229 148971
163229 148975
163229 148974
79846 74412
66045 95619
80398 76897
1350299 1350102
17930 118518
304397 764183
304397 764184
146427 146426
146427 146425
267437 267093
889680 67445
1114306 1115005
868565 868566
347444 464478
33022 208761
131892 132047
360446 603728
1292158 1097310
1070080 464562
4464 1039322
791325 106592
1461068 1461071
59481 144268
59481 144269
72970 92288
17403 344857
1256712 569643
830945 596347
766325 1107142
33452 143895
33452 143896
33452 143897
33452 143891
559484 361276
694307 694308
212972 92006
542791 869239
1447304 1447303
83238 83239
868518 868517
942970 215771
1192733 1495230
267319 559248
24498 1459880
86841 86840
86841 86845
837130 45981
837135 1467642
1024531 1024532
869443 729461
858763 858764
140234 1082224
859166 859232
372846 360993
889680 67349
95000 65049
1212619 1082187
4011 106612
39971 67063
1105750 1064183
1345876 1346144
30038 145318
143044 1384293
1409514 844260
140072 140075
452279 1258785
2488 2489
1384384 1289753
215685 1522081
215685 1522080
69038 58922
32373 749109
82241 87427
481703 26982
106594 165245
39518 1482888
72970 81673
764342 246963
181067 109345
140234 594242
496968 5463
439931 727402
1218789 1488652
465109 164851
316442 1154872
316442 1154873
41737 253598
314560 67088
830870 402448
1069211 1069210
1346238 37828
144187 66998
314566 314568
314566 314564
314566 314567
314566 314561
164480 164477
90978 90977
41089 66065
20062 61788
996299 996300
22884 1266631
314562 314561
314562 314564
314562 314567
314562 314566
314562 314568
694392 694393
194499 1503981
143897 143896
141268 139169
82491 82492
326498 35849
1029668 1029669
1115428 1113959
314566 42613
1114775 1114774
1072347 1072345
1072347 1072343
1072347 1072348
1072347 1072349
153715 211038
153715 211037
14772 20928
509548 333355
21167 8744
1383532 71775
304134 465000
93924 363100
562206 313738
165274 1411499
444966 40785
227322 165206
67937 369356
1257190 1257189
491216 493858
67967 419574
8571 140689
333946 1026965
33216 244971
626793 147414
846006 135414
28217 1526317
764244 8460
443975 372684
152951 267528
311228 463633
311228 463634
177284 212989
1163737 324193
164035 49552
32908 26025
148967 163229
24724 1359353
91377 91378
91377 91379
68038 1019462
102132 512875
105516 267093
78732 92364
78732 92365
85555 85554
139480 139481
148970 1029241
148968 100001
36608 147414
58977 10068
11220 558897
158682 267477
394511 1154873
394511 1154872
1081847 19597
210767 859292
163205 465698
96331 85236
934945 996641
934945 996640
64996 314561
41729 210631
100475 64428
372090 899450
141067 141065
16270 32804
373426 446545
40193 4303
148982 213152
996638 307763
303501 303500
20928 656556
420249 420453
35563 50725
830995 303378
830995 303377
234107 234106
234107 234108
106595 210826
174035 140584
39941 36242
176080 44558
72162 709667
141068 141065
141068 141067
141068 141066
75131 75130
128231 918216
128231 918215
267319 337463
93127 72828
73391 73390
505860 251314
463650 1435271
693926 693927
67098 1345692
145159 145158
144054 65823
88046 88045
66271 419574
93924 1153621
93924 1153622
39372 36165
559066 464023
1211514 1211408
1266192 2521
146075 39971
214560 171261
86924 142693
9137 158998
194540 1346201
47151 465434
163792 371119
18070 774470
210826 105516
775341 419709
73338 84966
869416 25683
67165 466501
391525 279735
69256 69255
69256 69254
20842 47222
859532 859529
1346229 50278
67383 493901
67383 493903
210989 212524
356419 1025132
356419 1025133
356419 1025131
356419 1025134
1187 212131
493903 493902
493903 493901
1457549 528602
348352 120371
1071899 1079088
144012 144013
144012 144011
1024739 907121
78249 73165
379801 140234
1323057 51049
3714 104739
106572 520328
163960 67968
46332 58922
2559 2466
398274 1258218
1467326 690912
1108760 128626
661788 106580
259150 481703
98096 98093
536249 536250
1027057 555569
1345732 1345731
80335 61433
164480 163546
353705 273313
17118 73388
47243 1385775
47243 1385776
86846 86840
5429 543330
465560 35538
446603 59109
420254 420453
1430540 161690
211038 211037
78163 1382787
43033 66038
225902 1346229
1075478 1075479
373051 891726
1385925 530573
391525 67301
141167 141060
250041 371210
1073116 1073115
858763 140533
858763 140534
227322 322913
24498 39927
148973 148969
148973 148968
148973 148967
1025122 1025121
1025122 1025123
1025122 1025124
1041063 1366114
858257 858258
81243 143897
81243 143896
163960 853090
79749 76232
874658 64227
80534 72822
3716 18603
225902 13119
69040 33305
891685 1027059
74762 71033
1077679 1077680
98093 98094
98093 98095
98093 98097
74544 65370
66748 30911
439211 67843
996639 996641
996639 996640
1029618 215704
140458 146803
857753 857754
857753 857752
40293 1225
1446199 1446198
1446199 1446197
47932 106598
163960 164006
1024899 1024898
420390 420249
181069 18590
153813 359962
66621 309037
164851 164249
211038 1074949
25592 1383390
164006 24712
165281 145068
1213189 577413
1346380 1346378
1346380 1346379
1346380 1346377
76936 81942
996538 996537
859521 187374
143553 143087
1061331 526894
728382 144131
221260 221275
78844 78843
28898 158902
347510 5440
139987 139985
5921 749797
1468418 1154356
143399 139412
17930 16863
78334 78333
478706 212629
42613 1417820
1351362 1350448
143895 81243
1024497 75295
513480 768830
1382126 1468174
82780 29313
179315 154169
106584 106585
401940 141615
1468893 1211319
714747 683050
164102 161153
1345694 465655
1116581 24774
1116581 24775
420239 82073
175933 71945
148970 100001
314565 314568
95178 98679
58990 161450
624248 439842
1289738 149149
321541 445468
1069074 1069076
139141 139140
14233 33377
359961 398450
1468224 20685
419868 11220
95289 92015
97154 97153
97154 97152
72947 72946
375449 425795
103257 106594
23248 31094
177289 33426
48827 371043
1350056 1350058
1025123 1025124
179301 218585
529339 40253
67228 66300
420239 24759
95705 75885
98485 98484
1255433 594242
81761 141762
40234 1495818
33503 859043
869187 869188
95042 73676
163229 148968
87033 1384505
94273 94274
94273 94275
94273 94276
148922 148923
18574 161160
89104 73391
131796 67523
212972 1224379
375371 176753
280949 216662
74973 212543
996395 996396
996395 996397
58487 559727
96798 96797
900827 32964
16270 33436
148957 4011
33640 70129
99403 99402
65832 419350
215539 215537
212239 1260067
67586 67587
371798 37085
82857 29313
1259498 257717
163925 39971
304431 304430
131796 769829
41959 402547
32582 481719
32582 481718
179341 559632
420352 16943
1072349 1072343
65892 851711
41244 1153732
552634 360012
466021 91717
1075719 1071756
887896 887897
1219982 1219983
304180 775341
1448557 1448472
1449692 641938
140899 140684
140690 140689
139166 139167
139166 139165
139166 139168
121490 372248
140317 141831
1351943 1351942
86841 86844
714258 1099604
714258 1099605
1027014 1027013
1027014 1027012
32854 33104
996241 466158
1256712 440480
143098 122908
163997 164837
1351358 1448724
418976 559288
217698 618417
217698 618418
28057 868517
140234 1521636
12341 1468894
251368 58487
43913 65840
18062 47243
37656 148963
6673 72032
1430676 752137
71146 20876
1346005 1346006
963978 1504275
656672 371246
464511 464509
464511 464508
96795 96797
96795 96798
43702 87787
43702 87786
72835 73725
4464 33214
504970 158915
88650 97542
18070 41702
212315 212316
1488603 1258803
419506 33478
1257976 1103419
59180 152931
618425 401871
860482 860483
2129 20876
31026 32550
571247 1521637
887898 447128
121490 559762
74538 77303
74538 77302
1389688 866503
177268 177269
84047 74807
463650 402140
33154 90746
558932 558933
1522080 1522081
143245 141919
445234 344456
58935 1024739
868723 90223
1113876 445705
7433 185820
10048 267045
407469 324082
614776 1060383
559414 14766
95822 95821
67301 279735
243618 301241
493903 30756
17106 214502
214559 214560
1129099 1129100
1024790 750473
163712 775299
552559 493013
47384 48654
146424 146427
146424 146426
146424 146425
94749 94748
69405 69406
1508786 221187
656557 446492
559252 559253
91188 72649
163888 160409
430020 1259334
163958 359962
505859 504970
87786 87787
77829 77828
72574 72575
72574 72573
72574 72572
144981 144979
59273 466021
349585 350600
141494 140074
106581 106580
304288 304287
371348 70129
12750 769935
2489 27835
93924 185820
33154 152951
458942 458943
555569 1027059
164477 164478
164477 164479
106603 163792
141694 49904
33216 70204
624376 154169
1113831 23923
1461095 301393
84728 84729
164295 420231
552720 552719
141232 140684
145100 303480
73388 77423
373399 996396
146046 144117
419599 419598
106582 106583
561551 868359
1351735 1351736
164137 106585
164137 106584
47993 69084
9914 658288
760359 428236
87115 87114
23161 164035
918279 918280
59110 58922
1130075 1447304
321488 398439
656556 23081
1114863 370950
996314 371074
163958 148986
891685 1027027
68038 69406
100779 179344
143036 218788
147479 60323
74043 81029
85848 74675
225488 514376
141611 141613
1142037 1142036
18594 2559
1211332 1211333
791794 177284
1099497 420295
65866 26169
347128 306455
19903 64810
141920 143245
717429 280867
216826 16270
70239 70240
104367 163950
869123 869124
1462095 17904
420671 508053
106584 159947
69239 2323
67125 106621
147398 45019
267314 371379
87733 87734
87733 87735
36720 621746
27997 14965
28057 217473
869303 69945
1220335 164437
859279 858287
1448472 1448556
92686 214453
81560 72975
301082 255077
314559 67088
95705 76220
118519 40193
163783 100407
5455 48516
97723 270
1061638 13119
764193 112481
434598 1482723
69761 69762
14901 1506800
372846 144305
58951 214648
210818 33569
303378 17568
375249 543339
75341 75343
75341 75344
75341 75345
62392 211715
906618 1069439
10351 147334
148434 543347
1029461 1490501
552560 493013
256257 183057
505859 49736
6285 2398
696021 860483
696021 860482
142820 143698
1446198 1446197
1384199 1345703
143101 143097
143101 143099
72828 72827
505859 158915
465469 65892
66998 25098
64457 492183
144216 19732
944782 446854
131787 33624
148968 106612
674410 65866
303694 371119
33533 371913
22223 419275
234117 234118
1067007 211038
143029 140577
148973 148972
148973 148970
148973 148971
148973 148974
148973 148975
163520 147467
213852 215360
139364 143556
139364 143554
6711 10460
1256404 1256405
1025131 1025134
104147 67523
1039967 1366114
602510 147232
222453 372673
33312 267238
140216 543281
140216 543282
2 165342
1071654 867910
68031 68029
58934 9137
1019535 214911
41483 492184
40948 419283
148948 148946
1468034 156257
58972 59045
72835 72337
71979 76367
418955 418956
344857 1385654
74789 59230
78163 1108753
868517 217473
79388 72879
419282 37214
10048 37273
212158 115417
1067149 1078898
1067149 1078899
1479380 1483261
16270 372181
267478 267477
139141 145256
48827 213166
163539 2489
22038 20377
184579 59175
75295 73472
419868 68038
1461069 1461071
1461069 1461070
373007 575599
96520 78592
24774 24775
140690 8571
214622 214621
25956 27407
11676 445352
174035 67607
552494 831048
543289 337616
253937 617229
769876 769875
769876 769874
769876 769877
1350719 1350716
1350719 1350717
1350719 1350718
148967 36165
33154 33384
80304 70106
234117 234120
77439 84987
1461089 39436
67072 65874
402371 398328
165144 165280
95323 95321
95323 95322
78781 72918
659408 659409
227377 1383721
420613 313431
163413 66679
66045 66445
552994 552993
2521 274705
74573 74513
1219637 1220624
68660 59424
14772 446492
212239 215406
70295 304288
70295 304287
1245224 1039322
9137 559736
1066997 1033483
420454 420249
543286 543287
143008 117937
46034 144718
36633 1081617
273114 2087
690912 1002908
80485 75929
551395 41729
97340 74274
145990 65446
764166 200668
1345599 139619
24498 624371
1099606 1099604
1099606 1099603
1226948 1350287
100646 147414
314596 212131
1040157 1040496
769875 769877
266892 20146
148957 100001
362826 419220
1002890 851212
322255 44656
5435 5436
5435 5437
74275 83690
315829 858201
143555 143554
177261 13893
97497 97498
97497 97499
84680 84681
60606 1411358
33154 596329
111672 1125759
277366 73432
1290003 71449
1468315 140584
157310 680803
1139167 1139166
420605 420606
1103201 2723
98097 98098
98097 98095
139142 68831
1025347 768342
92648 85554
24772 163494
153715 1074949
764059 128415
82442 77555
65987 69918
996313 996314
996313 996315
996313 996312
234119 234117
234119 234118
1430677 752137
92456 92455
749781 6585
69092 1346379
252325 764298
142584 142586
65823 559246
1130075 1034538
558928 141429
148971 148975
558916 558917
96514 74811
1002882 754427
165144 145068
144216 51646
1350570 1350833
1350570 1350834
465597 58872
179301 11330
869128 769935
764334 243618
447203 894147
372846 27157
163783 934147
1423036 66999
66845 41299
859367 99796
859367 99795
427884 1116477
139847 845778
40690 159993
1258346 10176
539281 1309030
1467475 67523
314567 314564
314567 314568
774627 25677
1024596 1024595
96918 96919
65930 66964
163965 148942
371137 48516
4455 1432758
213417 171870
791326 106592
9430 74060
143100 122908
1027010 1027014
1027010 1027013
3399 1153931
163965 559094
148971 36165
373431 5998
656572 74379
65077 465831
39372 145068
5455 2511
95239 72715
409037 46745
552312 553020
1416757 753620
1112207 1112206
38778 160140
69441 481722
87960 81776
106581 661788
74928 868573
512882 512875
493906 493905
145284 145283
301260 301241
18578 445613
49961 463873
476995 1155250
84728 84730
250018 225512
402843 1061261
69909 874551
48124 69745
556476 1351631
55499 69945
148953 148952
213718 158741
1061261 1082186
559284 559285
147447 934079
769926 172795
552494 1041063
465000 464999
853486 2372
934100 1061353
76447 71665
74043 99005
74043 99006
1003541 428475
66346 66108
1411042 932616
314552 314551
78629 1258108
464967 69993
464967 69992
88325 1062228
858257 858256
211834 163756
314559 314560
858255 858256
552719 223403
267117 121986
996526 996525
92686 212015
258350 555629
46611 32157
85804 85704
1031378 1116507
143553 139364
306167 28684
1490769 1490770
402895 123094
72622 97508
774419 506305
5460 36452
438379 766325
59260 214648
543334 252327
472564 859292
677695 1116581
284011 320675
92364 78731
1068988 1068986
32927 33383
182187 10718
90094 41811
539153 538347
104684 163428
68652 1523314
303378 996441
32948 33104
512814 372684
1068987 1068988
1068987 1068986
68038 69405
267200 65972
179307 139195
1155351 379764
662420 1383478
85052 75922
77302 77303
372409 26577
48681 1386075
859532 858201
118518 505701
72322 72321
1258768 420462
79255 79254
559215 559212
559215 559213
488184 1258223
163606 559394
17129 165165
71819 76220
38322 40228
506232 67799
90412 90413
164827 4537
547475 179361
384714 1153562
59003 215645
73117 1061814
84879 84877
84879 84878
1491266 1491265
76290 76288
76011 76010
163550 164102
314506 314504
754504 1362142
576421 133329
47243 836987
148951 26789
75899 71745
505982 58978
87033 71680
65864 1027083
559508 559507
18590 4062
624248 624247
907055 906904
214453 213417
51646 139330
144215 139330
10048 67483
321488 321487
6673 71567
67968 24712
543292 289867
67664 75291
106870 104305
300729 1108789
143891 81243
558933 10834
4464 267068
466080 934508
1257968 1040745
90261 90262
73388 2224
314538 314537
371423 3716
1346238 32126
70204 250087
1266100 190142
552632 552631
552632 552630
552632 552633
552632 552634
1507987 1507988
254692 163709
100404 419843
165326 165325
59319 213166
144217 139330
102153 303593
869124 869125
8744 232028
27734 165367
1098081 16595
559408 553285
33312 267528
148986 67862
536227 24761
1040496 1045519
555629 996515
75277 72113
69258 66825
1416608 1416609
18062 1385775
18062 1385777
18062 1385776
5429 14425
859291 210767
75609 71780
749797 750489
59147 1024564
32908 512882
32908 512884
67698 67700
99483 99481
99483 99482
278695 265226
539281 210760
97714 35409
6285 996516
420254 420547
1495109 543347
303377 25098
208341 190405
11330 218585
500780 1467582
24808 23899
852158 565365
139986 139985
1024536 158798
420714 420518
1495310 1495311
163884 1308973
1266192 274705
68221 419574
1024536 145389
371069 371070
33404 139844
1016232 1490138
859522 187374
371884 190944
141232 146803
463633 463634
1362115 1362114
17403 464215
559063 559065
49961 91717
214502 267474
559259 337435
1218789 371340
18178 1224380
39255 66872
78048 78047
420254 420249
35402 163494
1230 159771
85363 87409
33478 67656
78919 81316
142210 105487
918326 210916
49511 1025098
445468 596339
1430677 1430676
504970 59120
148975 100001
100404 63931
1116800 210767
131981 1417151
46745 24757
1220336 1220335
25268 413721
90977 65370
215536 215538
69089 1346379
143394 143393
996313 371074
21922 244971
1029241 163330
47243 24751
18574 4062
139153 146542
447435 517
14602 14603
420671 267425
420671 267422
830967 596339
164925 559113
73676 75531
1351029 1351031
1351029 1351030
1069442 906618
163539 27835
71654 68418
163960 24712
1346377 69089
66402 142803
75290 75292
75290 75291
428188 50083
859530 859531
859530 859533
859530 859532
139541 146542
210767 472564
858201 845376
215537 215536
215537 215538
80093 162491
131903 618496
84236 84237
465766 1097237
1459879 1459878
96347 73018
33154 68408
1652 362591
2511 2489
289867 312883
76982 84237
147402 957579
92890 88641
559289 418976
40948 107565
18601 67843
419557 419556
103485 106583
65854 66498
869187 626793
624371 371443
69794 35538
71941 71942
1385839 67523
187663 559564
187663 559565
187663 559566
33452 81243
143102 122908
996315 371074
106573 39979
859529 859531
9092 67843
322255 33246
93695 93694
69090 1346379
1461902 170816
18582 32804
559581 559580
117437 379801
512897 233877
24724 465861
159144 267600
87232 87231
1495010 25268
164479 164478
1030274 185400
678581 1155953
76936 73381
677695 24774
677695 24775
536249 506305
1027025 75564
164801 24712
78780 72918
1040606 507998
175740 810235
106612 148971
106612 148974
106612 148975
181061 402782
857645 141126
86841 86842
233796 22382
111724 651867
225902 50278
117851 163810
266892 70204
163958 163205
371137 548388
234105 234106
692089 122227
25268 1309030
218330 142193
1383569 96095
148973 36165
23081 446492
493873 493872
68561 141831
860482 857860
266998 266999
266998 266997
334217 996516
334217 996515
75838 75485
831048 831028
196938 478557
411968 419219
411968 419218
179339 33157
1282363 373220
104604 33384
212054 212053
82780 82857
18574 149149
110924 100475
314571 314570
321215 1024790
216240 1019484
33313 67587
195740 1153732
420231 1129295
962901 1204755
99876 99875
273544 565233
139412 420473
1266630 1266631
97269 77157
89371 89370
96226 8571
143898 81243
481720 32582
1284150 587447
375218 769874
375218 769875
375218 769876
375218 769877
372846 426678
68032 68031
68032 68030
89975 81143
314568 314564
314568 314561
1266631 1265943
504948 338795
139560 139561
25592 267528
32491 41244
139182 1281873
402250 68030
160149 304323
1099 332723
1244255 1258108
66256 66257
1099606 714258
336735 458888
35284 147414
491462 402140
123776 211383
5441 5445
5441 5440
958754 1113850
61016 60687
1074592 1074594
42534 514197
1116532 163205
66086 51853
8491 9277
493883 346614
1155465 1154009
18601 9092
71356 86507
846033 1229319
1069193 1068988
618052 149004
21262 1218797
143098 143100
72329 72330
553091 553090
38366 24759
465109 164249
293111 678581
875680 24751
69211 868518
69211 868517
165323 33216
868723 10846
18062 66346
141267 139169
505140 83487
886234 1025105
143044 1384292
764184 764183
59120 251314
89879 61034
81556 72052
81556 72053
18601 18574
171870 38883
141059 141058
140899 141232
1266628 1266629
80779 83239
791794 212989
62392 68174
67396 144131
420295 1099498
140014 140075
140014 140074
140014 140073
140014 140072
595427 401941
144218 144215
144218 144216
1068692 1068691
218154 210767
234107 234105
543292 752840
30914 215389
81029 78935
194478 194479
774470 41702
147487 5767
831048 1039967
419839 66999
764231 617062
66673 177211
215685 1260067
182994 266892
1078284 1076091
68287 149245
346901 162426
83702 83701
2398 996516
2398 996515
301107 1432868
204290 42959
165280 145068
48802 1218797
143097 143099
616277 428317
71435 71996
918321 1467422
215427 749761
202814 419336
717340 1061261
371119 164437
59175 836140
1258991 1259300
1595 181086
267238 371913
95740 95739
72121 73270
68445 65446
323041 324082
84968 73338
148983 163950
1495881 1495882
93924 2277
66999 363681
13119 50278
1155241 1490655
267493 267528
209827 420462
150244 28120
144217 51646
505982 505981
80830 77313
1157565 1482860
97906 97907
33452 218330
148953 244971
853089 163960
446390 67587
91946 420253
1081722 1504133
845376 859531
493904 42799
284377 1259034
361225 1467653
138957 139310
1450709 1450710
69405 68036
845778 1024595
889645 889644
889645 889643
69756 33305
109687 140262
420390 420490
32779 372110
371415 142829
1153621 10032
419282 419283
99795 99796
314505 19226
58326 787987
1491220 2277
1127371 1127370
96347 96348
960156 1495014
176396 33288
512791 371069
123939 122518
298183 616343
21537 559393
1475709 1475710
78515 78516
1546 321215
559135 373315
150425 869443
67699 67698
505860 59120
98482 98484
66998 303376
158310 32997
215536 16601
97152 97153
80231 80229
2559 28217
87812 87811
22884 1265943
481690 67348
66496 67445
493123 1385925
18574 67843
71943 71941
71943 71942
446531 446530
140584 67607
140577 139782
47932 146179
68996 67445
154990 616985
163811 1116924
1099498 429129
1072152 1072048
746985 695572
491973 552450
371137 2489
148954 163322
163229 100001
1488652 1081643
32777 267238
86843 86841
86843 86842
141917 141919
216240 419336
553429 553412
1139196 1139198
163205 67862
73317 96184
1256501 23163
81804 80797
164480 164478
43033 46332
791326 506305
428479 528604
559128 4169
182777 107565
889644 889643
154357 420606
154357 420605
419361 419362
4465 163568
165141 100407
594302 1103232
213016 213017
25554 68660
78919 78920
46729 45703
300729 428479
314563 42613
160794 70295
1504368 173112
1504260 1504259
430110 1309135
1308972 1435238
144646 39055
559094 148941
559094 148942
72762 77319
267412 68657
463793 559128
371895 420683
559248 337463
513480 481697
67428 67620
996291 996292
419506 67656
66983 4062
95838 1027025
371135 1389454
371135 1389455
217364 6464
141761 141762
96796 96797
96796 96798
505859 251314
419824 775914
1384505 71680
181064 355205
963978 213110
996242 996243
996242 996244
876380 530818
446356 428991
160794 304288
160794 304287
147481 543299
147481 543298
156383 996641
99611 99610
72052 72053
769874 769877
769874 769875
1346377 69090
1346377 69091
1346377 69092
717340 273313
143898 143897
143898 143891
215133 211383
66128 82989
859530 859529
559396 179361
464023 559522
695572 66964
1140158 1140159
73677 73676
1459879 280867
538347 868359
81170 81171
1078667 1078666
514705 326912
857752 857755
552720 223403
196026 481652
693924 693926
419867 276918
210945 211036
791786 8005
1475732 70379
1040888 1081692
98890 77171
98890 77170
167277 558932
323246 177267
98376 98375
1211940 111879
557800 526957
1040581 1081653
273286 1459880
32188 4537
1103612 1488712
504660 120165
559069 558928
5430 402231
148957 43913
691721 714258
77555 85804
464743 464742
69417 68360
65865 26169
1069442 1069439
181061 323125
98217 98218
139320 59481
97332 97333
140310 141976
217773 558900
66998 769829
453241 618693
71914 89908
72121 97214
439852 353711
89908 96575
141167 141058
552632 360012
15262 48124
72113 69129
322499 132033
1072347 1072346
65866 47140
66983 225489
97916 1346167
214559 214558
15469 1490667
1024535 145389
383359 1135468
372073 311541
218154 1116800
791322 465857
1081518 151156
314522 301137
88297 73853
204290 1153766
114526 114525
144054 559246
624324 27767
66969 73763
92288 81673
139320 139471
1430541 161690
148970 163330
98160 80100
559618 559619
565365 887891
808014 40253
1504133 114526
280957 797791
337448 1346400
301120 419219
301120 419218
1153621 363100
77555 85704
144187 25098
298554 459769
71435 80106
71435 80107
27997 477048
33276 33277
449186 1323057
1069062 1069073
61050 1019434
996639 934945
5857 488065
139665 143303
163428 104604
273295 181086
18574 160255
1139227 1138995
66825 47091
35284 869188
465766 211786
1283830 763738
93924 272995
1027037 106588
1207461 802610
139364 139363
23163 104810
18574 18590
87115 92006
1138893 1139211
1266100 1266101
32908 142079
996514 334217
996308 996307
140563 141060
359951 33484
1350056 1350057
7963 262941
148981 42371
152993 139109
68032 68029
830870 478557
808014 1345945
830995 25098
1154902 1155085
447292 831048
717429 371443
611741 496681
918313 27837
559761 372248
71464 98794
96393 96394
96393 96397
196938 402448
96446 96445
96446 96447
40228 1482699
72507 74622
72507 74621
72507 74620
106574 39979
77551 72431
543303 543304
1488764 1488483
66038 68657
98188 98187
1416814 1416813
134303 821520
81239 81238
1459879 39927
1266628 1265943
4011 148968
1127742 1219951
234123 891726
67737 67390
75667 35188
72329 72328
3693 1458764
859532 859531
18178 122684
749161 1219637
67347 1461095
1025121 1025124
95866 95867
314510 314509
1138893 1138894
23147 212776
5425 67603
559704 559703
559704 559705
559704 559706
314505 314504
314505 314506
962006 520775
165214 267371
1266628 1266630
1266628 1266632
144187 303378
144187 303376
144187 303377
1062073 67105
96673 96674
22943 874538
97916 65964
26025 512882
26025 512885
96396 96395
1546 371268
1081722 114525
58951 17609
1207429 1200971
2224 91133
140899 142425
764209 304384
214452 212015
371623 22898
1127341 1127344
1127341 1127343
465337 113180
301477 301481
1129099 17731
20842 139285
1002882 1002881
1002882 1002880
66045 68315
147399 514013
347444 464477
556476 619823
1350449 1350448
1019461 276918
58872 58855
158998 164452
2398 334217
465026 10068
1027036 106588
104190 729461
1073656 1036360
215133 215134
407 321215
1258916 809646
68031 68030
1258067 831028
1331 372335
163810 1002877
69091 69092
69091 69090
91254 71680
72572 72575
72572 72573
102132 26025
353680 104305
831048 20066
59110 59109
289867 312887
553413 486076
144130 728382
1066868 1066866
94274 94275
247063 332723
465872 465871
19879 1258241
419868 39354
66346 1385775
66346 1385776
868491 544844
61016 67518
1024717 1024715
1522080 1260067
831088 2133
72383 72382
552494 1039967
1468893 1468894
253937 14602
253937 14603
164209 161153
1075478 155803
87060 87061
857738 860645
145000 144998
1024596 845778
796265 796266
139141 179937
76517 74266
304385 128415
65854 66497
558902 16612
5455 27835
1448357 1445753
143555 139363
73170 77384
163294 506305
371493 831048
1385777 419361
91379 91378
165142 165143
168272 46547
84967 73338
91479 87315
1062269 886541
1385775 1385776
1459879 624371
39372 165144
139363 143562
300729 16270
420295 429129
23225 174952
1468315 174035
131892 179338
1258784 1258785
68772 66045
32905 86328
314596 177267
1039528 1259011
36452 465871
859560 859559
830945 109345
59273 49961
139482 139481
314559 225496
139497 139498
217364 419721
630583 630524
273295 831025
2701 28198
458940 143565
105570 2857
1029658 190405
558898 11220
418999 69945
33426 131903
96397 96395
96397 96396
1289738 18574
1219805 1219804
99875 72943
852167 1027034
1449716 1449715
265680 447225
215133 123776
93277 1110219
559289 559287
66402 113822
48516 27835
17689 46180
27805 221549
996309 996307
957580 147402
1024535 1024536
64024 402770
84674 73432
73316 73315
73316 73317
301481 301478
157310 693925
157310 693924
157310 693927
157310 693926
996640 307763
26789 559462
66963 33112
66271 68221
214648 17609
512884 26025
918281 918279
1266602 1351725
1207529 1207528
33312 67587
59120 158915
190973 16943
66516 66926
17568 303376
1380183 527030
90538 90537
38197 24757
1448557 1448556
1389328 592292
1066867 1066868
1066867 1066866
934147 100407
1075327 1075326
874538 530905
213284 212524
22568 238092
82751 1504143
72052 81555
559629 87241
714765 175740
161690 1430539
1346380 69089
254810 67656
559064 559063
559064 559065
746985 66964
95921 95920
86843 86840
164865 164866
96157 87427
117483 1081518
303377 303376
303377 303378
143412 16636
8015 963978
619823 1351631
85555 85556
996444 262941
212015 213417
163547 163546
33443 69931
70121 213152
85702 85701
85702 85703
62157 158933
266998 267000
25268 159350
724028 162949
161256 163520
401984 466349
142193 143896
142193 143897
24746 118167
869187 35284
996229 996230
1081722 114526
1072348 1072349
1072348 1072345
1072348 1072343
10032 363100
30914 791824
372910 164634
148995 30024
764298 1059802
764298 1059801
618418 618417
179333 9226
420435 420605
662744 1039322
19729 181086
33687 33384
1081894 1081896
559024 559023
484671 1362064
163782 91717
559761 121490
445352 301247
73827 73825
552560 552559
723131 1082187
80589 78213
33404 68478
547771 547922
858922 858923
858922 858925
87078 87077
1468314 140584
14617 50725
996143 99796
515373 464653
43855 213878
165317 24759
1468314 67607
1461170 876380
98096 98095
98096 98094
98096 98097
98096 98098
543281 543280
215685 215406
85793 85794
85793 85795
95838 75564
77102 95451
146803 140684
215771 942969
446402 58888
66851 66852
66851 66850
66731 66732
100779 33183
303646 304180
98376 88244
149155 1002888
29843 17596
16270 506192
93924 879847
1508456 1508716
1389345 1504145
67737 149788
372779 58353
24763 419283
117230 558933
117230 558932
69417 39674
39927 280867
1053629 1081715
1383009 1383008
215539 16601
67445 67349
747061 423748
57598 25991
72938 72937
303733 142693
419175 775341
754654 868950
66346 24751
83826 86977
106870 852158
33097 103284
859291 859292
213852 161211
1468894 1211319
260369 256749
1832 80857
69760 69762
69760 69761
1015202 806065
67383 220329
163783 212543
141494 140075
141494 140072
48461 267371
96821 76123
144999 145000
543329 543330
889680 68996
74622 74620
372181 373163
26114 70075
68038 11220
384714 969797
146655 141919
100404 69961
28302 366418
874627 372548
1077115 1073655
92686 214452
398438 267154
764106 1346379
102132 142079
774627 34952
306167 899507
18062 419361
201725 62157
212593 38876
447292 20066
267097 267528
301480 301477
857754 857752
33285 31094
309100 391525
312884 14425
88438 73725
1059686 940246
505860 505859
1362283 212401
1468314 1468316
179339 179338
493903 333447
808014 529339
273313 181082
70107 78594
165141 491216
106595 105516
163205 163355
5460 267482
446429 373042
19908 723484
144799 139173
144216 144215
1504369 1504368
527009 1350448
996561 555629
43033 69038
68657 428499
1002880 493857
81239 81240
79525 79524
148971 148972
32188 16952
179334 106641
447757 464999
465698 122183
84942 84945
84942 84944
84942 84943
778233 212543
465373 465372
35781 16598
185320 889665
25607 63635
1350833 1350834
617229 372819
30911 69223
213852 163805
561847 561846
156533 214560
859711 859712
234108 58517
73763 92126
67556 83489
234107 58517
769858 1019434
1244255 27833
996561 996515
67567 514001
79255 79253
559289 559437
92655 96095
1153622 363100
26025 512875
68131 65806
234940 419709
1291925 1291924
5429 312883
5429 312884
5429 312887
67390 149788
87301 87300
1039509 1039510
269406 48681
371340 1081643
147414 869188
747298 747965
552664 410703
1076934 710203
141644 141645
1389462 812199
303376 25098
19729 1595
674410 876242
74580 65964
372779 23783
146530 139153
344857 419019
996441 17568
496949 16876
103325 21922
505860 504970
66731 50278
17403 419019
148967 4011
267371 481709
87077 87080
322605 46745
139259 70001
27157 144305
36452 267482
859920 859918
869187 147414
91717 371379
59108 59107
1153901 1136046
1024768 1024753
163205 106591
851396 2087
123467 267093
70355 1475741
826090 1289753
49736 59120
37273 67483
464461 464460
89902 77309
1127074 860485
407 750473
212054 10834
552634 552633
552634 552630
1256817 1256818
1153910 935070
996397 996396
1224380 122684
68388 287068
140074 140072
140074 140075
504970 504918
75344 75345
371074 996312
66749 51716
1069440 1069439
18406 71970
72032 71970
74274 83690
1258916 831048
1019537 1019538
1019537 1019536
569289 353705
209133 66481
97719 270
859290 859292
859290 859291
81238 81240
1071756 1075720
1071756 1075721
419220 419046
558962 558961
26030 314508
77102 96049
163923 373319
67285 373007
59359 419507
1073929 1073928
851712 65892
215133 47222
72824 96131
72824 96130
284381 1259034
33214 267068
148828 160668
79090 79089
147402 147469
858923 858925
68657 58922
558962 558963
464364 1386110
163925 42371
839055 1380215
1446200 1446198
1446200 1446197
144122 146046
87115 1224379
225489 163417
4464 46180
18594 2466
69211 217473
115417 42069
419175 304180
78163 1382659
1450186 1450528
419175 234940
164452 481652
1099550 373154
66045 69943
371861 144514
1025125 1025122
1025125 1025123
1025125 1025121
1025125 1025124
477048 14965
142079 26025
1069076 1069075
14772 23081
1383575 257717
18070 159947
512862 371798
210788 505701
94274 94276
303107 566117
747263 464460
146552 146553
446720 446718
72943 72945
714747 194516
1256451 1256452
445686 443
73827 99606
506099 20505
93924 1491220
1099603 691721
33154 64225
857743 857741
106585 159947
1468419 1154356
142193 143895
253937 372819
177246 5437
141247 1256784
67383 30756
402586 402160
559396 46189
2336 18041
66481 35849
39941 5767
1423094 465515
465319 62119
559662 66497
1019484 29779
1346167 65964
373196 507875
49961 267314
2701 150244
75827 75826
74686 996299
463751 8684
146904 142916
124128 165323
177315 177317
747298 747964
163606 106592
1039317 1040396
1346380 69092
1346380 69090
1346380 69091
143555 143087
1351031 1351030
215124 1416938
39396 918392
1482783 372673
1041123 371876
68136 67620
400338 213152
402843 1082186
344454 24774
344454 24775
300056 68388
179361 179362
1257983 1041038
93416 87315
128118 656539
1153910 386338
122001 372729
43033 68657
74131 87787
74131 87786
74288 74287
210818 769777
419175 419709
141832 141831
303694 1220336
98095 98098
146530 146542
505859 59120
140216 27669
163884 164787
303377 996441
303694 164437
656534 656622
85043 256843
29843 72617
565365 163596
163607 506305
76174 72169
1025135 356419
68454 69944
18406 72032
221012 244971
176344 33312
27997 14256
61016 465000
51646 144215
163573 45333
75276 82755
114734 39396
67383 493902
208761 67871
541245 1036073
33312 181058
27760 859763
82974 58922
59216 7005
139263 139262
139263 139264
375272 1218594
131843 181083
113055 1081715
749816 211513
68304 68303
68304 68305
696021 857860
1834 1832
8471 8261
719103 175209
1490466 93924
311541 375336
48461 48462
742319 630583
996244 996243
1461068 1461069
1473 88845
68234 68235
47077 24706
1823 71714
727350 321212
17129 381199
73338 79749
363971 1205276
48802 21262
176409 428475
1445754 1448356
259150 26982
32854 43839
1503910 3920
59260 41177
1385777 1385775
1385777 1385776
214453 212015
360439 129369
680803 223389
66999 362979
464479 869399
143399 420473
49736 251314
869303 55499
543328 543327
559762 70075
1308319 1153998
87079 87078
87079 87077
78200 78781
72948 1231
12621 1152234
1449692 297510
159850 104810
145159 616094
1468419 1468418
420435 154357
1346005 91765
1410764 1129135
67347 301393
693927 223389
140263 140262
140263 140264
21201 1468225
32908 512875
830995 144187
9137 164452
630524 809647
68433 68432
84926 84925
84926 84924
114734 67064
284395 181098
67526 13119
851638 68652
65865 47140
72879 79387
1141691 1139818
139108 144525
561938 561937
1061322 266262
1154909 1154907
996220 100407
1383610 1383609
857742 857741
857742 857743
419019 1385654
258350 996515
67331 73714
316854 180988
1027035 852167
205025 384558
38993 10056
96521 78592
752840 14425
358432 141420
419649 324158
1504154 1029440
156533 171261
707950 407765
146582 1127681
473131 67799
163783 74973
74675 494726
353705 19732
65988 69918
225489 147414
20842 99795
39436 1461090
559094 1114097
76174 84830
165144 36165
1069072 1069073
371415 465882
131892 33157
144187 17568
315829 859533
315829 859532
315829 859531
315829 859530
559523 464023
72948 72946
576923 576921
145159 616385
1002881 493857
32927 16914
267371 46180
371828 206947
83916 78935
148967 148972
148967 148975
147447 147446
558932 212053
85949 84370
996238 996239
1431105 458888
163294 791325
163294 791326
163294 791327
1218998 160128
536249 163607
33104 33216
858074 294399
110898 1211664
1075540 1075113
1359407 1114097
791327 506305
464813 1030640
181069 17689
26114 372248
559062 106621
75277 69129
148974 100001
1127342 1127341
860245 859870
446720 372555
106591 42371
75295 99
160668 481682
373247 800221
314562 42613
5429 543329
77319 279
150425 128362
94813 94812
81805 81806
211473 211474
77543 72649
420719 3774
553012 553413
314546 68380
42414 16270
314563 314568
314563 314562
314563 314561
314563 314566
314563 314567
314563 314564
314563 314565
64996 314562
64996 314565
64996 314564
64996 314566
64996 314568
1468843 1351029
159350 413721
35767 70001
145957 851775
140014 141494
1018397 106588
724028 763745
33022 32964
66749 30911
764244 1256711
131968 5440
481697 768830
164478 163546
493904 30756
86846 86841
86846 86842
86846 86845
559705 559706
559705 559703
543296 543295
90414 90413
90414 90412
212800 25361
57598 90232
57598 90231
158902 28897
859529 845376
106612 36165
1383575 1259498
41299 1234842
1069777 1077690
267474 1163737
19572 1284150
859951 859950
20062 238598
857860 860483
165006 458480
1139167 749888
97959 97958
68035 324091
80830 97269
79749 72715
17129 245074
177199 410151
177199 410152
27805 181061
996314 996315
996314 996312
686788 1350716
686788 1350717
686788 1350718
167277 10834
220329 493901
220329 493902
504947 338795
860462 860463
225489 44784
2731 313771
891685 555569
24498 1459878
1468224 1468225
281037 221236
656534 656533
66749 67823
163955 122518
458974 458973
96131 96130
33503 143410
24712 1435181
466458 163494
465698 148986
85361 87409
267154 267455
874597 267422
140563 141059
140563 141058
73048 71369
537643 29790
32927 67587
1116504 1389419
996514 996516
1060249 1060248
66983 254974
212015 171870
139490 139491
1546 750473
16946 250044
33104 124128
16910 306124
826090 335486
1468316 140584
996514 2398
346901 214087
565365 14294
1385777 47243
447203 508145
164556 868950
72384 72383
72384 72382
148975 148972
92365 92364
27422 869275
858236 858237
417598 943004
157473 165146
212576 144514
141920 303641
7963 996444
875680 252
858947 858945
481660 323257
91717 59012
20258 59261
1258214 1258213
144219 139330
1488598 1039980
303641 143245
1256451 74249
427884 222035
20842 996015
106870 14294
1053629 113055
1448558 1448557
1448558 1448556
254693 492324
212239 1522080
88966 88965
1435271 314522
76991 76992
76991 76990
25621 215536
25621 215537
25621 215538
82490 82492
82490 82491
59224 49961
428815 13340
1071654 1448031
1116504 1389418
858946 858945
121986 33104
618480 252327
424020 346803
1468843 1351030
1468843 1351031
66622 445793
1211408 117384
108647 74273
143097 122908
267044 65972
16270 4062
96574 420555
33426 618496
96348 73018
164446 559523
18574 244414
293133 28120
66445 1345998
458955 458956
139321 140310
36165 165280
79279 79278
1458798 176319
481720 481718
481720 481719
73375 59230
90536 90538
90536 90537
143085 43665
1129358 1129357
33313 226838
1256753 1256754
273286 280867
859532 845376
371135 730797
253195 98188
117230 10834
763745 162949
83602 72943
144130 144131
12750 869128
188189 1089063
691721 1099605
691721 1099604
558961 558963
90664 90663
90664 90662
1002889 1002891
1002889 1002890
139167 139165
1114863 739671
420244 420406
1389672 61273
512885 512882
73085 61280
845879 398328
1081482 1508114
68323 32015
747353 747354
69775 1258391
164006 853090
990420 961855
253195 164923
148957 148967
148957 148968
4464 1460077
12621 1259359
1430541 1430539
1430541 1430538
1072346 1072348
1072346 1072343
1256776 142940
2489 48516
223378 103382
140534 858764
424071 869300
234940 775341
143553 143555
95321 95322
139321 141976
371069 102163
59220 128006
164923 98188
466366 59175
371443 1459878
656572 176355
561901 227680
32964 208761
1461068 1461070
24498 149149
144219 144217
58259 58398
84358 84357
307763 156383
66437 39971
419769 60960
67937 60609
1383950 40253
1410794 15643
458938 143565
1211331 1211049
98093 98098
141864 144310
79508 72828
67072 44564
117230 212054
117230 212053
1003908 889649
559565 559566
559565 559564
1139211 1138894
476995 363100
559662 66498
48461 4464
86329 86328
76990 76992
24729 24730
23399 211200
868897 741984
141777 139285
140517 144094
153813 163958
932779 1075113
87079 87080
267044 153905
552336 552335
67587 226838
1468085 1468084
1152234 1259359
1483000 38283
142193 27536
1072008 1072009
148941 1114097
165282 145068
58487 58398
559490 71784
153358 835276
33638 478500
148970 163229
1116477 222035
142075 143698
624124 27767
8684 15122
749762 749761
749762 749760
493904 493903
493904 493902
764334 301241
1067007 1067008
40228 36720
18574 18565
252439 17846
163888 160668
82752 1504143
148961 148962
314518 314519
75012 73028
9430 35188
100476 144184
868360 561551
857753 857755
709001 484744
49961 371379
375272 445613
869412 23394
179340 33087
1468225 20685
24751 1114897
41431 419557
41431 419556
1024411 900096
66528 121582
68305 68303
139925 139928
139925 139926
80779 83238
72762 79278
213718 934508
830908 181100
536301 16943
33262 303457
74973 123094
1076945 1076946
1076945 1076947
851712 851711
33312 121986
1461071 1461070
1081895 1081896
1081895 1081894
142954 145764
163888 481682
313605 372564
26925 149155
66679 918185
92003 92004
69864 384379
67967 68221
88624 1504381
1489089 439842
91643 91642
163811 163546
769917 250074
1081600 176400
538347 561551
384809 963209
187302 359961
1066869 1066868
1032778 1030586
75601 75602
17609 41177
72690 72688
72690 72689
1019409 1019408
1187 445588
11179 190799
1002908 347804
1069072 1069062
1410773 32979
1154757 363875
315829 859529
371861 68032
842577 114177
545702 3920
75563 75564
1381132 163494
900827 208761
626793 869188
8491 77885
27805 402782
141830 68561
16946 1129295
298915 882063
1489131 1452917
860485 1127370
860485 1127371
84966 79749
23858 1467619
303378 25098
1467342 15643
28898 28897
73536 73535
83916 99005
83916 99006
83470 83471
752840 312883
17689 165214
93578 76122
859521 859522
69993 69992
3505 318470
140534 140533
1258142 1040662
1431104 1431105
2186 1061661
1140572 1140573
68505 226609
181067 830945
1257154 270120
128415 304384
78730 78731
857895 857894
481697 481661
102132 32908
75342 75341
75342 75345
374579 545396
212801 111139
1153621 1153622
280867 1459878
371861 212576
596339 267147
791325 791327
140947 140946
82752 1504142
512884 512875
163958 106591
1128936 1128935
1024497 99
599053 1289718
504970 49736
33623 192705
68486 809647
92903 17401
68454 67518
141916 141919
141916 141918
141916 141917
72947 72948
139037 33627
1258325 1039297
94866 94868
94866 94867
163792 164437
1508812 1039322
1467619 1467620
73337 73339
464504 27536
552502 552501
851712 729212
371443 280867
109345 596347
4464 267371
304399 764184
304399 764183
118518 212888
543292 312883
543292 312884
543292 312887
266999 266997
39971 419836
157196 5460
6285 996514
6285 996515
222959 420253
66983 727223
65987 65988
419052 66501
90662 90663
491148 338100
123776 47222
4011 163229
75276 69129
1447751 1447748
1002889 851212
1112956 1153696
65864 47140
66936 67228
61016 419497
163550 163494
113199 46745
74580 97916
24498 1019899
859290 210767
267044 153374
271731 1320920
559671 559672
58517 234105
143556 143554
164480 164479
1029241 106611
99482 99481
66402 39734
90978 65370
845982 304167
215794 215795
172237 12647
1113876 1113877
313521 61788
72113 75276
260369 260371
244971 250087
215539 213267
93374 73258
1384384 826090
72052 89771
19827 355205
46251 1359313
210472 20954
66595 66591
1258115 398274
314147 6350
143087 143554
2222 10068
163607 791325
163607 791326
163607 791327
1346353 66445
16593 372110
67105 85798
73826 73825
73826 73827
750143 128126
419361 47243
1069209 6350
1467919 66998
14602 164947
1488590 1040256
671960 1218933
918312 69878
858981 858982
419361 1385775
419361 1385776
1467344 163343
213017 37816
1385926 493123
68030 68029
747258 514045
4011 100001
1447475 1447751
301480 301478
465047 24716
65972 40553
552312 493013
97722 97719
1068693 1068691
143555 143556
1108970 267029
95043 73676
131796 66998
163965 1114097
934945 156383
165251 165250
76701 79751
1383599 99798
66038 69038
75277 82755
1019538 1019536
361496 371199
558897 39354
710203 1070438
1346123 1346124
36165 148972
36165 148975
32927 830883
1435166 876210
143102 143101
143102 143100
98483 98484
98483 98482
1207554 1207423
67937 43913
4537 69265
1282999 67823
934346 362796
26925 1002888
1218789 1081643
72944 72945
1077690 1077691
59230 72337
303327 371415
539281 159350
163884 1435238
37825 59243
98375 88244
181061 423921
163606 163607
66749 69223
96095 1383463
1027011 1027012
212801 122123
139259 141846
1459879 273286
384809 1346069
19572 587447
155367 90218
867414 284384
1359433 165006
1024437 1024981
67525 1459677
79253 79254
90231 25991
851620 24712
547315 321229
1257175 140513
42482 48731
1467568 21922
9277 77885
859366 99796
859366 99795
1430926 858514
98092 78474
1218678 12115
72762 279
371137 27835
63649 40728
869123 869125
65866 65867
93924 539136
303378 303376
93924 1490667
177319 131745
466243 18062
148957 148971
148957 148974
148957 148975
559640 559641
36420 87521
559094 1359407
106603 371119
1213189 1212586
2857 66086
1289738 24498
214452 213417
447757 465000
33023 33383
441205 5463
75667 75666
553303 553302
153374 153905
74275 74274
1256818 1256242
618783 618782
1069074 1069075
145836 1346318
85848 858287
1019481 1019480
372846 466419
69255 69254
68440 112184
1365982 355193
1468678 61257
75827 86467
35284 36608
656557 23081
67737 1115091
72944 72943
1024768 449091
1467827 1467826
148669 530530
31026 211260
1025135 1025132
1025135 1025133
1025135 1025131
1025135 1025134
1040454 1508040
84967 79749
1128510 1128509
99006 99005
273001 61788
141720 42613
148973 148957
753724 298484
163229 106612
144069 66807
463650 491462
846006 1028664
251291 1259183
1075495 1075494
918401 558963
1115091 67390
996526 996527
1076934 1070438
1138893 1139339
74131 43702
74761 71033
293133 150244
1039967 1041063
66038 46332
859533 845376
1088020 281120
196052 1032484
1359353 465861
298915 934100
209827 1103436
493901 30756
163783 123094
1449693 641938
26114 559762
419282 24763
91572 60919
301477 301478
1359433 458480
7819 526894
35767 139259
23858 1467620
853089 164006
155301 443845
172237 213514
213328 213329
1067503 1067502
66852 66850
1025132 1025133
1025132 1025134
656666 656665
317865 152951
141832 68561
150425 104190
1141176 1141177
8069 753760
85795 98097
85795 98095
85795 98098
717340 1081653
417598 147434
1115099 1114745
859919 859918
139165 139168
81369 86507
106594 106595
215134 211383
385174 229155
71783 71784
764167 764168
44369 47493
681535 1401659
59273 163782
273544 131510
303377 66998
1523062 1060440
1111907 115515
1068988 1069192
72161 72162
106643 163923
830882 69961
1468315 1468316
251564 119385
1024977 128006
75516 73258
597471 234126
1070317 526957
165214 24498
98485 98482
98485 98483
301479 301480
1060244 1060243
33503 144310
1212619 1212618
1024586 1024587
33008 165323
143895 143896
143895 143897
1002882 493857
312884 289867
874538 831079
1072350 1072348
1072350 1072349
1072350 1072343
1072350 1072345
1072350 1072346
1072350 1072347
99589 25582
47243 69280
934452 87227
212801 212800
493904 220329
74762 74761
68038 68036
1059802 1059801
1504119 1044739
476995 539136
6464 419721
2556 17904
273295 267422
1247371 1040745
148957 163229
373319 548384
109942 51883
96549 96548
93219 93218
559491 71784
86843 86844
86843 86845
100407 165143
58951 41177
1508996 447184
156573 42846
122183 67862
90218 1384465
284381 1380147
139364 143087
85181 85180
1138884 1140127
109687 140264
109687 140263
543299 543298
481697 142055
17930 505701
69211 28057
868360 868359
78200 58461
72715 76232
1345547 69258
304180 234940
1069193 1069192
889667 280412
170835 172922
163591 120165
37301 163494
100404 34519
106870 565365
93578 93577
104684 13893
1076947 1076946
141918 141917
141918 141919
1475731 70379
559517 559518
100407 60325
371119 1220336
371119 1220335
142667 139320
86883 65370
46547 10775
420671 139141
559064 464023
41959 1135420
78732 78731
78732 78730
59120 504918
1067557 1067556
487500 24751
1108789 428479
254035 70188
8590 3256
76954 82038
1359313 106595
314596 181086
39372 165280
39372 165281
39372 165282
1069211 6350
5425 16972
49260 59175
66497 66498
49961 59012
106582 103485
40990 68418
129570 128579
212015 38883
18574 35139
76523 71665
139142 139141
139142 139140
148967 100001
68699 87007
1074593 1074592
1074593 1074594
196026 9137
148927 301481
373250 66591
373250 66595
618265 190142
420114 532827
555569 44229
1003612 12613
144187 996441
273286 24498
273286 717429
434164 1155610
2818 1257967
73826 99606
1116897 419769
1166409 567234
94317 211648
83131 74288
71686 84987
39108 142193
208341 1029658
133329 63635
553012 486076
95740 79795
874591 717475
987810 1257182
144629 809647
67967 66271
140533 858764
164924 164925
267045 67483
68290 942981
58977 465026
212054 558933
212054 558932
1025104 886234
236882 248110
99612 99611
99612 99610
1072875 251735
764310 764287
1077386 1077385
1448357 1445754
212068 211036
1025255 1025253
1308319 1491107
512896 233877
33154 33484
373247 868212
1350719 686788
273001 46717
252225 617093
918215 403640
1116710 1116711
774419 163294
1450052 1448616
161256 147467
1346070 1346069
66038 58922
764247 474359
74805 74807
1346380 764106
44229 1027059
466419 144305
559134 373315
215406 1522081
148434 543334
889467 1116808
161450 145957
441205 372695
373163 163858
139132 100732
1346377 1346379
210916 559419
1154987 1154988
411968 301120
155476 227377
1467343 163343
1309030 159350
211051 464641
20496 764164
513480 481661
1448357 1448356
141000 139331
30038 38197
163607 106592
547315 46717
99430 72328
94867 94868
59273 59012
445566 1386087
146426 146425
465337 24752
383359 411960
196686 77160
165214 46180
61016 304134
749762 215427
139321 142903
1068692 1068693
616094 616385
66445 68069
176684 67843
458939 143565
250053 225512
87115 212972
216826 372181
86843 86846
1248442 333758
80532 99177
536249 163294
1450053 1450052
72558 91346
552283 552282
552641 12257
932779 1075540
1076935 1070438
144800 144799
183542 238598
27407 114915
1024412 215896
934417 59006
853090 24712
163888 106591
1072876 1072875
1490962 1062618
918157 254035
1024596 139847
1507867 1507866
750489 9674
463793 4169
1212586 577413
508145 894147
211199 23399
1024586 1024585
1258559 1292405
148969 106612
1153998 1491107
303327 142829
1266630 22884
314528 234979
73164 78249
335486 1289753
139143 68831
129007 60323
10032 1153622
303646 234940
93651 74490
123467 996220
1135420 402547
458935 458936
139363 143087
68038 39354
141059 141060
46332 68657
1351302 1153591
547325 591678
1383950 808014
215793 215794
215793 215795
1128937 1128935
1128937 1128936
179337 361496
140262 140264
1449693 1449692
312648 727411
1289738 165214
1067854 1079298
32779 528556
139627 68831
67937 148957
753816 753126
98096 85795
445158 552963
996315 996312
1155526 194478
1155526 194479
337907 104629
3232 371889
1027011 1027013
1027011 1027010
1027011 1027014
559345 559344
64996 314567
1027057 44229
624371 1459878
143101 143100
68551 85554
40234 233836
8460 1256711
959679 1025265
378468 493855
227377 107328
87633 87632
42817 68866
163477 465230
45185 81724
45185 81723
7733 4789
43553 17185
1256854 764133
1024535 158798
69630 74273
181069 181067
146622 146623
143008 142803
725501 160165
558962 918401
558933 212053
212131 181086
1130075 1447303
59319 20500
1490466 5825
267422 181086
764334 301260
1461076 715395
139926 139928
764125 304385
58878 6837
1029618 55111
24498 371443
252300 163520
1040157 1045519
142825 305132
749797 9674
75404 99905
143102 143098
373247 868213
181067 596347
1447475 1447750
148969 148975
148969 148974
148969 148971
148969 148972
26188 26114
1351924 1350860
1212378 1211331
247063 1099
859530 858201
59260 58951
81556 89771
145338 206947
764106 69092
764106 69091
74805 84046
512884 512885
512884 512882
859919 859920
69946 70239
128231 403640
66271 69945
66528 212509
1077115 1036360
1450529 1450186
1070185 464562
147639 1284309
371844 656570
91479 93416
314147 1069211
23161 49552
72976 72974
266999 267000
1467568 103325
123094 100407
142425 141232
1078698 1078697
