775372 1218461
443670 1382958
443670 1382959
1218727 1218648
1219012 1219013
1382958 1382959
1384530 66737
1382958 1129237
443670 1129237
775372 1218462
1224417 1166187
1218725 1218727
1218718 1218596
13878 1457348
487343 371127
1218718 1218717
1114398 5042
1259849 79383
1457206 1292634
1383696 1204772
1384266 1283367
1218622 372983
225521 1383333
1218522 373415
1218462 1218461
1218676 465035
1218942 1457225
1218894 466400
1129237 1382959
1218726 1218648
304428 1031630
1218725 1218648
1218726 1218725
1218726 1218727
1218640 876380
66528 213414
1107745 1107790
1218847 1218848
1218812 1218707
1289742 1224417
1289742 1166187
139716 1033511
