234112 1284012
59109 58922
27987 1411446
106603 106611
616259 148956
1282897 1416799
1289951 1114387
1445982 1351426
769776 1029250
1346361 1346362
419259 419258
313521 727355
24713 399925
25592 433593
68906 1345977
948071 948073
618261 618260
21252 1002885
466418 371913
372688 4169
142685 144990
1446639 1445848
617345 899523
617345 899524
575664 1218568
445484 445483
445484 445482
372776 146502
992981 992980
1040745 1259034
445361 445360
330067 95136
1097256 830943
1345980 1345983
1155632 86504
32827 373319
445312 445416
445312 445417
445312 445414
330067 1113834
1108765 1108766
33381 179370
830951 140134
1064029 1064028
465569 868829
17403 303966
58316 361276
1218518 267528
45333 163629
424115 69612
1024893 1416246
868905 464216
1115304 1127380
267029 19903
680235 684748
844139 181083
179366 179367
66807 145597
98358 78048
67284 769803
830961 46717
164923 869218
398776 420368
1345982 1345980
1345982 1345983
10351 104395
67064 419258
67064 419259
371014 1416452
321347 14129
215630 1115432
59261 213846
164096 148964
1002909 372211
74498 74497
178782 1389489
106611 165282
1446205 1446203
87377 87374
87377 87375
87377 87376
1079515 1079516
19903 1081987
163783 3709
89773 79321
256749 69050
464461 618600
91079 935082
80042 80043
165144 1029250
1411182 1411180
366632 1154032
79246 98657
445548 445546
66551 869095
1447781 1447871
1447781 1447872
1447781 1447873
1255567 1410888
1410887 1410888
1383165 1125883
445483 445482
396355 371794
89151 89152
1292200 1292433
464695 464694
1114398 1383216
11023 154512
164195 267029
72112 72114
72112 72117
1218984 1282474
145545 144990
1382930 1382932
1382930 1382931
181067 68831
90507 90504
90507 90506
94961 82823
38352 372211
303520 121982
59006 58900
72115 72117
466241 466242
250129 250128
906953 37273
165206 1115089
1446209 1446207
653354 1155703
163783 466169
163878 356680
1345621 486161
98657 88663
1155534 5742
1258239 1258237
1258239 1258238
86659 86658
87061 92011
87061 92012
165144 1107249
1211331 1211149
869100 211738
1154110 1154109
463885 463884
775433 303966
250018 830943
1079214 1079215
164993 148942
181067 173998
418979 70111
715423 715424
1446206 1446202
466240 466241
466240 466242
434164 1155426
67039 1346269
445342 445343
445475 445473
445475 445476
445475 445474
91543 91149
97732 72946
419258 4537
1495924 875854
17129 165146
1345930 1345931
77754 77753
466170 3709
25677 466450
144886 144887
703139 703148
617229 131892
73909 73907
891750 891748
1292294 1292293
106611 24786
1097256 1258530
165282 769776
1072789 45172
67284 591820
65885 491446
361019 65446
1155426 1155427
24498 45753
17403 419244
1385009 1385010
419052 111580
1061274 935036
1212510 979625
1188271 1416395
464700 464699
419797 254174
464847 1127206
35940 209453
94961 94960
67064 4537
4402 42534
1449027 1323861
253024 76899
163626 1346125
1219585 1219586
1219585 1219587
59016 859507
445221 372451
85692 89339
74553 82731
444076 106605
66828 145256
18565 153781
212535 363971
1382775 73028
875719 717340
419052 472224
876177 1410921
146224 146225
120165 547334
66501 419141
1411181 669112
445314 372471
281245 1155177
282164 33276
548392 876873
142992 142991
1154852 109339
463631 466309
142007 140682
73956 954565
163784 163783
869100 69619
145843 141199
72116 69735
303694 106603
868871 868872
1446208 1037127
24754 466163
1460120 1460119
1292645 1166091
1154302 42959
281234 399836
163344 163476
105932 179370
215141 214372
1457742 1457743
948043 595406
372147 1112474
303968 10834
451086 465282
472233 185320
679306 679308
679306 679307
364693 249869
33381 105932
72113 72114
72113 72112
120165 153905
445375 445376
14772 214764
140216 27014
995232 1266074
1002891 209883
2519 1153687
526824 526465
1108936 1108937
868790 733241
1459891 1459892
69441 747437
436440 714643
69745 78026
59198 465729
649730 1345586
1258592 961477
445473 445474
1449565 1035614
769898 769899
19903 64536
1411182 1411179
84239 58900
1447935 1447934
106603 163331
106603 163330
177199 33046
157196 267093
445330 371074
371525 465262
679310 178809
1411179 669112
165059 1115432
465843 733241
335152 158998
238743 618983
617746 543334
106603 24786
81273 81274
84984 84985
703065 616594
93252 93251
61786 114157
445552 445551
323246 225512
784812 1345715
419259 419771
1447873 1447871
1447873 1447872
313976 371279
750347 934928
1449109 758284
465647 111735
749808 16601
703182 163515
106603 165144
163926 147491
1449027 1449028
1449027 1449029
750513 749808
31094 906954
595421 617123
464565 464564
464565 464566
464565 464562
1345930 1345928
1345930 1345929
1345930 1345927
304175 466309
134058 25623
1447781 1447780
1113770 1113768
1467462 1467465
1467462 1467464
163804 163805
114512 465281
147485 616597
769797 120165
717475 372548
159331 1154322
463832 934611
528602 14129
463664 465114
143447 100404
284395 693721
931148 1114868
1030941 1259402
106603 464936
1411155 1411154
67064 419771
67064 419770
445338 385181
82211 82212
334609 72259
85710 85711
1346393 146502
85691 85692
769776 371846
445547 445546
445547 445548
57462 465647
348841 465428
179305 749807
288081 164437
465254 465256
464813 1107172
526824 526825
445522 187710
891741 891739
1447364 1323882
1417809 142383
3711 5430
1113769 1113768
703183 163515
419445 419444
253919 163709
300729 677761
715422 419876
1446209 1037127
45333 617983
142554 140275
852051 852050
148941 16952
65262 74898
570400 1383917
78025 69745
445361 420368
303694 165282
889633 889631
889633 889632
1281909 371508
846006 1467836
445523 445525
1212424 1212423
139363 419636
139363 419635
370982 142803
35688 907076
75885 77157
303968 36810
891739 48080
445202 445199
445202 445198
303694 106611
1309127 210815
753545 753544
144269 144967
680798 1458815
889589 747590
1346130 400338
165282 165144
40996 335238
1446639 1447771
420582 225493
1283409 1283410
3712 1468010
465681 148941
1127206 372776
163958 24746
80485 92104
121991 424021
89104 78515
24746 37301
93501 79767
715390 775341
164699 576820
68704 844650
139125 139126
466311 157081
98730 98729
98730 98726
98730 98727
656630 571247
71819 75885
1447872 1447871
348841 2323
679304 679303
23885 334609
26025 1030640
1461966 1031287
91079 209454
1002891 66149
1073746 200132
1153733 1112956
106611 24785
1154251 146144
120165 61788
178780 1116637
464176 465208
769899 464775
95574 81686
418977 418978
464606 464605
139182 360992
99183 86582
445378 445380
445378 445381
742319 630524
1345981 1345983
1345981 1345980
29915 617983
418978 70111
163209 222176
38350 1029709
436390 1212044
213285 934611
1345549 66999
66528 23316
934100 1345988
1346362 1155573
16968 24783
82919 82921
82919 82920
37359 1381126
145544 145545
401984 400338
375444 225489
419876 371279
74513 58900
7257 46776
1491177 196627
1447364 1446876
56484 1153784
1282716 1281975
465355 465358
1467985 1467983
1467985 1467984
371068 851669
1411180 669112
140234 225489
14365 163884
1467643 212604
1207668 1207669
273305 65446
618815 618814
1153953 1153954
1153953 1153955
775433 1283864
370964 164518
165146 372548
445354 445352
445354 445351
146777 146395
466440 267474
163884 10351
466170 466169
1207668 650539
139627 140238
24785 1029250
1450308 1447340
1114005 71680
16767 209453
1346236 1281193
84241 84239
607297 1411179
869373 869372
869373 869374
372325 372326
168518 284977
225053 927334
1345827 1345826
747729 747437
868231 481699
23885 72259
401940 1218518
1389490 178782
1292371 1276557
1111885 1111848
934329 173642
1346119 17403
934875 279246
1351360 1351486
1351360 1351485
1345677 241856
402069 402770
465860 40996
84239 59006
202678 1384115
22872 225512
371340 1275790
466418 465338
212117 29313
303676 303675
303676 303677
1289934 258924
78885 86042
106603 1107249
1213409 1213408
26460 1345605
461990 1416306
2701 845994
1190370 1258920
153813 1114177
445210 445209
445354 445355
445354 445353
487500 1346172
1292375 1292374
683290 196052
87821 87822
715402 63635
424071 424070
703149 618995
1258870 251291
144969 144269
165144 775458
466170 163783
445199 445198
464258 4110
830890 68831
410152 33046
1459553 763738
1113930 1115541
1467707 285519
609715 466440
750062 750063
139363 1345605
445387 371798
889561 70001
419771 4537
630560 19729
1035112 1104098
197810 159144
775458 1029250
69441 303877
1411579 65905
420342 876873
445337 385181
87787 84654
347151 373007
1416708 1416709
1416708 1416707
1416708 1416706
283997 989725
142803 33238
25621 749808
845983 616991
344408 547334
90486 90485
67554 254035
140216 466285
371890 868504
371890 868505
402140 324158
346190 1346343
14365 10351
164923 67349
723776 1289739
1073800 1073801
419012 419013
419012 419014
1154226 1153876
1346074 1282653
69626 373163
79987 79986
76372 75059
1351467 1351466
463751 1467451
463751 1467452
1411183 1411179
78141 94745
4402 464705
215141 99849
769941 41813
1467506 1467505
889639 889638
67390 1155573
104395 387047
1289716 1289986
160462 121991
63635 133828
98726 98729
1447340 1450309
1035112 150754
1060669 1351426
1446875 1323882
140216 141603
464960 1447152
464960 1447154
464960 1447156
165185 372507
1345551 1345550
75885 75886
1389329 1275790
1166093 830947
95136 1113834
163331 165144
347128 70160
32827 876873
30681 373136
715422 715423
715422 715424
372208 148956
373265 97333
32089 402078
218457 409032
774199 891749
266859 61785
122001 32813
1346361 67390
1446639 1446191
464323 464705
194499 1289889
630560 181065
267474 372707
889631 889632
118027 1383917
445353 445352
98348 74898
139320 140517
102059 141807
1155186 212152
868443 868440
94373 74973
369147 577253
3774 445327
1212194 1212195
1035112 1447218
2560 2559
1411446 123704
140347 1346146
304135 303343
797741 1257189
84489 86027
75425 317507
1445848 1446638
1078902 1078901
1078902 1078903
889720 889721
66828 267332
891739 891740
76323 86027
527057 616991
213015 212509
209883 830984
79246 88663
410151 410152
194386 571247
868906 464216
99183 99185
100476 715413
371525 371524
1029709 40996
1128329 1128331
1389329 889358
75106 74621
143898 145996
445379 445380
464830 464831
209133 68831
571247 530593
18038 30038
42534 466116
1411260 1410976
73795 1383214
1155969 1384208
213896 576428
1219940 1219941
418045 1154252
164195 20066
1385008 41737
1467984 1467983
142725 1346172
1064026 1064028
948072 948073
948072 948071
868790 868789
715406 245225
78024 69745
42799 69590
1383953 1383952
44369 4303
1449565 1450430
165144 24786
165144 24785
1292039 1292038
163997 164667
775442 43399
1219940 379855
492825 425724
69864 148956
303482 44558
464562 464564
464562 464563
891734 164437
1078900 1078903
1078900 1078901
165282 24786
165282 24785
92012 72693
463832 466450
1107249 1029250
371006 429259
122001 179349
1292645 1218580
1447154 1447152
466265 164476
465429 465427
465429 465428
149155 616756
445381 445380
250089 17511
1207548 624298
372552 445315
281194 992999
93924 24751
119421 1448018
94960 82823
678544 678543
1447771 1446191
1058606 1211562
84240 58900
163631 164249
231282 419213
575664 371272
233623 1075317
1350065 678543
436390 113735
445416 445417
1416497 1416275
1081986 1081987
188973 1112201
3719 1521639
106611 371846
445244 371819
420671 142803
113844 1447156
113844 1447155
113844 1447154
113844 1447153
113844 1447152
434164 1155427
645237 105580
46880 181065
227322 1218510
410151 33046
304227 144128
1467466 1467464
1345667 323617
106603 165282
16968 66385
1350423 1350421
1383526 78578
33624 402258
77822 77824
164668 164667
333730 303377
774199 891751
35940 465338
361276 885466
607297 1411180
163331 371846
497390 66514
464834 1459891
398776 445361
398776 445360
845980 845981
59109 59045
139902 139901
1075861 1075860
25561 240164
70109 71546
465427 2323
79321 79322
466311 466310
82823 90485
82823 90486
363971 231868
179302 179321
418979 418977
267117 267528
323847 445212
609715 324193
164980 164979
540031 501375
72114 72117
159331 195885
72113 72115
72113 72117
213563 694559
1002901 164667
1002901 164668
122001 70129
1105071 302235
464704 464705
77157 95353
1342609 1342610
1154638 35813
934875 100001
324158 153905
107338 137653
868797 372384
145087 139860
44369 225053
82921 82920
182994 445613
93924 170816
46251 106594
203202 88169
1475995 1475996
1212193 1212195
163965 163229
1258238 1258237
1212194 436440
465724 465723
4062 165146
1416706 1416709
1416706 1416707
81785 81786
144330 868410
874773 1108892
869017 143633
1446637 1445848
78949 78948
1446204 1446206
491269 747603
10351 387047
715390 715433
1448018 1447530
876873 373319
445387 445386
1447153 1447155
98188 24745
106611 163330
445329 445331
303694 165144
93924 1346216
1382856 1383952
77647 75455
1155660 1030578
574943 447225
1289737 1289736
303966 10834
303337 144745
1384443 1384444
1416799 1416800
464808 164616
464694 254447
167976 181083
147485 616993
300729 402258
869189 869190
1289951 284977
769776 24786
733241 868789
267474 324193
907044 303343
44482 1218924
44482 1218925
69619 164859
1219585 254174
465778 465779
142213 1345963
589872 1491177
1382932 1382931
249370 165747
165282 163330
869017 139735
1447156 1447152
352183 1166113
179305 33381
612839 1073801
868625 372384
74553 82733
143399 420239
1446400 1446399
1467783 1467782
72115 72114
65262 98348
17129 1595
182994 143399
266892 267029
703183 703182
1218835 447653
1382931 1382929
90505 90506
90505 90507
90505 90504
66665 3708
66827 145256
227322 22872
300927 44784
164925 852025
747684 747683
445339 445338
98522 98523
163330 24786
163330 24785
464574 934611
1521618 273313
182994 3708
1127206 1346393
172218 10351
323228 19903
371340 889358
616992 147485
81672 84328
512064 206079
874707 1284012
1218666 363875
4402 464323
1389329 371340
420671 44784
466418 35940
65446 40553
303681 357128
25621 16601
1111900 1111899
465254 465255
304175 463631
106611 1107249
43665 1346241
24751 1345895
1154226 4301
715436 446530
99490 71744
78025 78026
78025 78024
3666 1283713
1257069 140905
177289 371890
1282311 1467679
1259253 1259334
106603 769776
1289969 1289970
591870 616370
1385011 66749
1423031 683290
419300 66248
32321 3708
465355 465356
465355 465357
72121 81061
418988 418987
133828 458410
769818 105258
39298 1281975
163331 1107249
68831 592041
77824 97310
134378 401964
464846 466242
464846 466241
464846 466240
165095 445550
115064 1283453
420342 373319
1107249 769776
161355 106613
106630 38778
1078071 1069812
26025 423947
90094 90095
1416688 1289822
214831 214813
466133 466132
145550 301349
464960 1447153
464960 1447155
25563 1258338
214691 6388
874589 373123
163330 775458
1190370 1258919
40996 1029715
163330 1107249
1449718 1449719
73050 75593
775341 314522
481690 39971
343901 754606
14365 104395
39971 889637
78885 71646
1389708 1389709
94451 96001
309125 61739
1447154 1447155
1447154 1447153
74611 76551
650866 714643
106575 399925
439211 617118
1111911 1411557
215630 165059
215630 165057
78641 72283
16426 654415
164154 1125713
1115016 93924
1383031 1383182
87061 72693
703104 234808
1070107 1070106
1457597 402694
419599 868415
44784 830984
1072315 1078185
749807 179370
58566 17526
1154225 1154226
94451 33870
139321 419827
775329 371902
68221 421909
267089 225512
1350960 1350959
145544 142685
1309126 210815
1389640 472232
891749 891751
891749 891750
209125 303614
481696 267332
213896 36822
3712 69988
466186 303614
1258495 1039903
831036 215704
261475 497390
1382932 1382929
1411280 1411279
18588 402450
281194 1112011
445200 445201
67587 410769
465481 465482
371225 1029715
1035614 1450430
33278 33276
165144 371846
34868 144139
616992 616597
300927 679307
163884 104395
618260 106637
750009 750008
68753 212551
67898 369356
589872 1154088
589872 1154089
373401 372289
465125 465124
176931 1289753
176931 1289752
465256 465255
74973 10834
301118 313824
717475 165146
69722 137653
465860 335238
164195 19903
1114404 1114403
1212193 436440
948035 93912
1068009 1068011
1068009 1068010
1068009 1068012
347128 218547
273305 371041
384460 123704
165057 1115432
98728 98729
98728 98725
26742 165165
1423016 683290
419770 419259
75885 96431
209133 67620
1029709 335238
68660 1284383
72585 272717
75446 93508
67349 24745
1113769 1113770
1383953 1382856
1142928 1153107
97268 97265
75446 3814
892537 1059955
1190370 831048
561963 567804
1447934 1447933
1447934 1447932
1447934 1447930
1154786 1154787
33278 282164
715389 301208
868652 344226
118682 753383
609715 267474
1211280 1211281
464694 303917
66665 267117
371279 715424
33087 419635
254174 1219586
106611 769776
1244431 251291
1155535 5742
1457286 528535
891694 891695
948062 337165
38350 1029715
69946 68221
1073938 45172
4303 927334
218224 120165
21560 21252
189291 988267
145996 145995
1446637 1446638
1350156 1350154
398776 445183
1873 84241
1873 84240
1447933 1447930
165282 371846
371727 656934
445360 420368
590336 293073
774199 891748
165282 1029250
79238 95353
94724 87399
164582 164583
164582 164584
418977 70111
79247 83914
95838 1153701
84241 59006
212519 10834
377265 419771
1450062 1450061
1081781 1081782
715390 314522
1345867 66737
69441 69096
1154225 1153876
93924 1114177
1490852 1490854
1448740 1448739
1070042 1078901
1070042 1078903
1495956 1495955
891751 14603
164518 446735
88624 1284383
225512 238598
869264 1467634
1276376 1384409
3709 3708
464566 464563
464566 464562
464566 464564
73391 80776
1108717 1108719
464223 58556
86781 86780
24498 617217
363971 362742
40293 214648
139735 143633
33392 266832
463664 876380
464564 464563
57462 111735
1389653 178798
32927 410769
38350 465860
1115253 28817
844349 427534
464778 769900
868872 371726
1346232 245225
9137 106605
1078071 1078070
463674 463675
1345622 100713
164518 1260061
140682 141013
140347 466427
1446206 1446205
445245 371819
72946 1382847
1389643 1282774
160255 162564
784812 1346258
67937 369356
163958 37301
445353 445355
36810 10834
1446207 1446204
1446207 1446208
464775 769900
165059 165057
1002901 163997
28057 1289928
445584 445583
465860 371225
69026 423750
747683 747685
88624 68660
464778 464775
1258530 830943
570400 118027
934100 600804
106603 371846
402140 153905
844744 844743
30681 140134
1467452 1467451
163631 148941
1212194 1212193
464111 464110
143913 445576
7433 98547
445351 445353
1345931 1345927
1345931 1345929
1345931 1345928
1207547 760364
96432 75885
98728 98730
32174 38449
9137 158998
1448740 1448741
401941 70129
1125712 164154
839055 1245224
877723 540031
1155175 281245
748028 187710
294817 1430587
95574 86924
78024 78026
372776 1346393
1107249 371846
373265 445578
769803 591820
181067 33640
831057 19903
1873 84239
372993 140702
141351 141350
303694 769776
463996 463995
463996 463994
69619 140221
1345742 371208
39298 1282716
1289928 361276
49783 402366
26342 306615
140216 868753
1345806 2355
100476 36452
478557 1521618
723418 1211355
83892 83891
3716 18603
139321 299726
97674 97676
1211354 1211355
1129202 1129203
868442 868443
868442 868440
85043 1384159
146903 1129128
1219587 1219586
372707 324193
1490328 1490327
53324 1345736
992999 1112011
465180 1450182
371794 1411288
1154088 1154089
445398 445397
69411 303681
478557 273313
106579 14603
347510 5440
70160 218547
99184 99183
99184 99185
14971 582059
1389676 455819
74532 74531
179315 154169
106584 106585
1430702 501976
1073747 200132
445387 445476
445387 445474
445387 445475
1411183 607297
211738 69619
1411181 1411179
371913 402078
73724 73725
177289 33426
9137 444076
67228 66300
300927 1389338
424020 424021
7785 747491
235081 1384115
89439 1155099
131796 67523
6686 139044
370964 446735
1292036 18603
45172 223773
92939 92940
23885 869447
69279 1383041
1345751 144745
464696 134058
139170 139169
445512 58326
1155723 1155722
1155175 1155176
1155175 1155177
869212 112080
877723 501375
618641 729212
662514 1383779
142186 142187
74611 72061
244971 160528
86781 86779
548392 32827
2323 465428
33849 95698
106575 24712
106575 24713
466152 466151
160462 424020
160462 424021
1346130 401984
1351486 1351485
87548 71546
78203 78202
420368 445183
24498 618815
74538 77302
703149 703139
445360 445183
775458 371846
177289 868504
177289 868505
715433 775341
574943 19903
1155534 1155535
38350 371225
139503 143633
1076571 1076569
420671 874764
95697 95698
1417825 43399
445415 445312
5921 137905
74973 90403
1108718 1108719
1108718 1108717
1128329 1128330
792155 118519
66807 146633
24785 775458
142761 139627
22955 5998
146756 146755
419767 419768
419767 419769
1447235 1447236
466129 466128
303681 1282903
547334 178802
869147 131640
445379 445381
106603 24785
1029709 1029715
106575 163986
445524 445525
445524 445523
445476 445474
445476 445473
94960 90485
94960 90486
1111953 1111954
384460 1411446
941052 22872
165144 464936
445415 445416
445415 445417
445415 445414
1447935 1447932
1447935 1447933
1447935 1447931
1128740 1128742
1128740 1128741
464947 464949
1116850 514229
1323861 1449029
1323861 1449028
1212194 714643
420671 508053
1459840 1490630
1155516 1114868
3715 38449
715406 1346232
5455 48516
1448741 1448739
105932 907004
465429 348841
88462 88461
512064 197575
715390 63635
1211172 1211173
869060 869061
78876 87821
78876 87822
86924 81686
97784 97786
97784 97785
97784 97782
70109 87548
143593 58364
715411 301504
1153876 4301
368909 552962
891750 14603
212519 935082
35813 1153987
313976 715424
160816 1044811
445273 445274
1258919 831048
314596 323257
205704 735688
69988 1468010
419770 4537
1282311 1282313
1450062 1322734
92077 82285
465426 465427
140081 146681
139320 657265
445245 445244
445245 445243
202228 459778
1211281 860266
465356 465358
465356 465357
1258034 681990
891741 891740
1064090 1064189
79985 79986
79985 79987
36716 40193
464433 464432
464433 464434
1071654 1060669
303694 464936
24774 24775
419770 419771
1218925 1218924
1078514 1078515
465427 465428
89284 93262
144968 144967
1449029 1449028
262381 76897
954206 1114586
750286 750287
1079383 1079384
769898 769900
145843 141201
1446204 1446203
1446204 1446202
1446204 1446205
826090 176931
32089 371913
1383454 1383453
1128330 1128331
139182 142663
73956 1114648
1345648 1346444
335152 9137
92198 92199
30681 830951
86582 99185
68408 66445
410202 187093
1037127 1446203
1037127 1446202
1037127 1446205
1037127 1446204
1037127 1446206
28057 361276
85691 89339
63635 65961
344408 120165
1155969 466340
1075012 1075011
80099 80098
1289859 648122
139124 139125
139124 139126
464713 1282906
419635 419636
715390 65961
91149 91148
1282902 1282903
616597 616993
616597 616991
163494 148942
614632 131640
1155185 212152
815915 1064189
464703 464701
1283865 1283864
24773 147491
1069711 1069712
1069711 1069710
1283865 303966
24757 445482
24757 445483
1053508 67149
163331 769776
86779 86780
16270 132509
464960 113844
1112207 1112206
163477 163476
1071959 1071960
466310 157081
424020 121991
1446207 1446205
1446207 1446206
1446207 1446202
1446207 1446203
552483 419767
715422 371279
750513 25621
187411 1346444
815915 1064090
24786 1029250
165144 19903
715390 111273
1382930 1382929
78213 78212
93924 41634
250106 32979
1153953 388937
1410887 1255567
1218518 19903
120165 402140
1258920 831048
371353 869403
715423 313976
47793 344226
66665 267528
16270 402258
93502 93501
146122 146123
891748 14603
1113812 77835
27157 465569
954206 1155736
1467466 1467465
303694 163330
303694 163331
1153785 1153784
16596 423765
445339 385181
217608 303349
694559 1417821
891734 288081
445484 24757
84240 59006
72112 72115
17389 112429
1447340 24740
769898 464775
212519 91079
552939 64536
466163 769776
84489 76323
460111 586710
66248 143381
261475 66514
464696 25623
84241 84240
463648 463647
1218518 359356
1212920 1212919
464936 24786
202228 1389314
24784 24783
97783 97784
97783 97785
97783 97786
97783 97782
1112226 1112225
63635 122362
1070042 1078902
420406 104049
1345820 372093
906955 31094
14772 750287
14772 750286
1289630 569643
715371 715370
150754 1104098
464696 219802
145544 144990
466440 372707
401940 359356
165144 769776
1447932 1447930
46880 19729
142761 140238
1446875 1446876
303968 303966
463832 464574
32927 68831
146005 146006
735695 735694
464695 303917
1212510 1211800
76183 76184
78876 79933
163331 1029250
1382916 1382915
75159 82916
75159 82917
1411183 669112
24785 371846
18574 4062
372408 40746
1068011 1068012
1068011 1068010
284395 831048
445352 445355
78950 78948
78950 78949
78950 78946
78950 78947
552939 1081987
1154138 362510
420342 548392
464847 1346393
1127206 146502
33154 68408
769899 769900
715433 314522
1467466 306605
74941 95178
402618 768810
66828 66827
692089 1411321
81686 71970
118682 753774
103877 163709
301153 443845
25677 463832
464702 464701
464702 464703
212420 466169
1155881 1155880
869213 869212
18574 16270
38350 335238
465429 2323
1258226 1258454
1258984 1258985
1447237 1447235
1345930 1044811
252439 100712
160816 1345929
160816 1345927
445583 852132
36810 419101
82744 82745
703148 618995
1128373 1128374
548392 373319
384460 27987
1078900 1078902
464222 58556
82780 82857
1212193 714643
1155820 1154347
1207669 650539
867470 1039336
1282629 1282242
501976 1430701
618815 45753
33008 65446
82732 76794
445414 445417
224260 267371
77381 83957
77381 83953
465358 465357
1526351 371889
1446207 1037127
1220323 1219570
266892 68831
143399 218224
1029715 335238
465766 1116628
279246 100001
1430702 1430701
1068985 1071959
1322734 1450061
163477 163344
466170 163784
91079 10834
618261 106637
891750 891751
844139 167976
1289753 1289752
867003 1457742
867003 1457743
1416247 1024893
82905 74622
90506 90504
446735 1260061
202678 235081
313824 428263
1459707 1459706
874649 273295
66737 66739
273305 267200
1155185 1155186
303694 371846
119421 1447142
1282906 464714
182994 266892
68287 149245
1389390 1282367
445244 445243
1350155 1350156
213563 1417770
868505 33426
526825 526465
419195 625384
464847 372776
1494221 164925
18574 33640
464962 464963
1153785 56484
58566 144658
142663 360992
42230 100407
1282897 1416800
1345648 187411
1448018 1017507
72116 72113
72116 72115
72116 72117
155231 702840
370769 67285
179349 142803
27987 123704
14365 387047
1073938 1072789
678544 1350065
1071654 1351426
444877 399836
445199 445200
445199 445201
1345928 1345927
1345928 1345929
145544 144988
1383281 99798
66999 1155805
1345589 1345590
868481 868482
1411623 1411622
1873 59006
369147 147160
464565 464563
1076570 1076571
1490853 1490852
75566 75568
75566 75567
447225 19903
137905 497342
144745 140702
577253 147160
463810 373370
371839 1258338
427596 420346
1068008 1068009
715413 36452
1078070 1069812
1076570 1076568
1076570 1076569
1447935 1447930
445201 445198
69050 464266
24713 24712
1114586 1155736
377265 4537
97787 97788
24785 769776
445361 445183
1447781 513982
74553 76794
1446206 1446203
1389493 1389494
68287 31049
22316 1410784
419244 303966
97675 97676
97675 97674
196873 1115085
1350960 1350421
418988 1345905
749807 105932
1292158 1292417
1078901 1078903
1447780 513982
163804 163806
113735 1212044
113735 1212045
464847 146502
906955 906954
1346146 466427
80093 464590
69417 68360
74553 98488
344408 61788
106611 165144
94961 90485
94961 90486
266859 181086
36810 303966
84331 75593
907069 907068
146754 146756
146754 146755
1127230 1127229
464165 1289684
19903 267528
869447 616374
303674 303677
160816 1345931
160816 1345930
464606 1156010
163370 147467
868745 868746
160702 371966
33577 398321
212519 209454
85030 361276
891749 891748
445577 445578
808014 1015332
93502 79767
1342610 498438
749807 907004
445295 445294
203202 1155565
96001 33870
1155397 146144
465125 48734
24478 464041
66825 47091
140216 559564
163626 143943
445232 445233
464618 464522
38350 40996
120165 749129
145545 142685
98727 98729
98727 98726
147485 616991
36822 304071
163965 1282299
1218945 968377
76468 74807
163784 3709
775341 111273
141247 146681
616231 868505
616231 868504
321541 109345
1389326 1124778
209454 935082
163997 164668
168518 1114387
1207445 1031657
419876 313976
142007 141013
165165 592041
165282 775458
1446208 1446206
1446208 1446205
1446208 1446204
1446208 1446203
1446208 1446202
1345988 600804
344408 218224
141285 141286
1153579 249646
95838 1451590
1073346 1073345
1284371 58252
753774 753383
1383624 99798
148973 2222
370964 1260061
85455 85454
1116712 143537
83953 83957
656630 729476
1079384 686087
1107249 775458
71945 1156039
420406 569643
464574 213285
371225 335238
1345718 1345717
97494 87861
66731 352554
906950 372181
371342 1345795
1111892 1112388
89351 89352
379855 1219941
528602 321347
715423 419876
165165 68831
466461 464216
445265 445264
76794 82733
76794 82731
464143 464144
97786 97782
1044811 1345927
1044811 1345928
1044811 1345929
92011 72693
626076 869169
163784 466169
1451590 1153701
142153 142152
81275 81274
81275 81273
1283864 303966
214764 750287
214764 750286
1383788 1113812
115775 889751
300729 16270
141527 212152
4062 162564
67937 67898
96894 71714
419173 715440
1155176 281245
42534 464705
146242 146241
172218 104395
67284 575368
558943 63635
1154225 4301
464550 876380
254610 869419
466155 303307
87400 87399
23885 616374
1323882 1446876
1068008 1068010
1068008 1068011
1068008 1068012
73049 73050
371890 33426
464222 464223
98725 98730
16864 303297
64024 402770
2469 4062
163926 24773
420342 32827
59045 58922
371469 43665
466169 3709
79984 79987
79984 79986
79984 79985
73908 73909
73908 73907
464695 254447
225053 4303
1154638 1153987
84331 73050
487500 142725
868872 164298
177289 616231
465320 465319
163330 371846
1447933 1447932
1212044 1212045
69735 72112
69735 72113
69735 72117
69735 72114
69735 72115
601785 1389448
601785 1389449
465860 1029715
702837 411960
106603 1029250
92494 76897
24746 118167
517188 517198
17389 1382706
869213 112080
420584 433593
13641 136571
907112 18589
493528 868458
1128113 33384
267200 371041
1070364 1070363
1292152 1457522
1258034 447184
213896 1116919
1384993 753383
445575 143913
845983 527057
1275790 889358
303675 303677
1258919 1258920
715423 371279
1411179 1411180
868871 371726
1416707 1416709
72422 90260
273305 33008
76562 71370
1103201 446619
146521 209453
463711 164880
163965 1218784
18601 16270
445451 445452
163784 212420
419879 304282
141199 141201
250129 150124
91705 76899
808014 1345855
372676 1449564
304428 371801
303694 775458
899523 899524
280948 24498
869137 464522
445512 2896
339036 144139
466440 324193
464432 464434
45753 618814
1467466 1467462
99184 86582
465426 348841
5460 830909
80093 84390
445564 445565
147447 1490431
1017507 1447530
293133 1002885
769776 775458
616993 616991
146521 16767
768882 372507
809647 1345924
48827 58855
234112 874707
69441 747729
1416624 1416380
93508 3814
464948 464949
464948 464947
466340 1384208
1467679 1282313
165215 164153
600071 498766
445282 445283
105637 177211
38297 142456
491805 303378
24498 618814
912504 1112259
61739 208178
748028 267029
1211280 860266
371149 727269
616992 616991
445356 445357
1128741 1128742
160816 1345928
549854 1282486
1111899 1411128
1105144 1382866
347151 1220357
826090 1289753
826090 1289752
160255 4062
76713 363971
89902 77309
407 750473
513994 164925
163331 775458
118682 1384993
782478 2222
1211111 141196
87376 87375
87376 87374
528595 1166138
402056 2559
273295 1116637
106603 775458
1345885 141420
314522 111273
70109 93023
465319 466481
1416247 1416246
749807 33381
303674 303676
303674 303675
164214 164213
1282902 303681
769776 464936
194499 1165857
1079383 686087
1111891 1459552
1423031 196052
1060669 1445982
254174 1219587
165282 1107249
774199 14603
267044 181086
2710 512896
75886 94492
607297 669112
1389490 1389489
75446 79986
150277 844412
163884 387047
889770 889769
372688 464266
143474 463956
141527 1155185
388937 1153954
388937 1153955
98725 98729
98725 98726
98725 98727
1345929 1345927
464834 1459892
1447931 1447933
144988 144990
69864 372208
464705 464706
103877 253919
1457261 528602
206079 197575
463832 213285
98796 45812
301118 428263
1447156 1447155
1447156 1447154
1447156 1447153
1029709 465860
273183 41483
140257 1211111
79238 77157
1114387 284977
851534 851533
616992 616993
447225 2133
209125 466186
38297 143126
750215 214813
148941 465340
24712 399925
402231 23311
27157 868829
891749 14603
333784 1411377
153813 93924
868441 868443
868441 868440
498766 371726
1834 1832
182433 148928
147446 162517
868505 868504
1382706 112429
44784 148930
2501 163417
1351899 1351900
303337 140702
140257 141196
1289889 1165857
465843 868790
164923 37301
97267 97265
97267 97268
372584 373387
609715 372707
373265 445577
1346361 1155573
445200 445198
71464 89098
418979 418978
144968 144269
75568 75567
21252 31808
831012 1002912
868441 868442
1459867 1459866
1457828 1292656
715399 715398
48080 891740
73268 73269
78947 78948
78947 78949
78947 78946
1345931 1044811
1342609 498438
304064 304063
419259 4537
69050 463639
42799 188440
37656 163593
1073746 1073747
42230 122523
1284370 1284371
93924 2519
747984 747276
93924 1153687
445280 445281
1155516 931148
1138996 1140801
147447 147446
1282553 464023
35940 371913
1128739 1128742
212117 1490554
1423050 1423049
145997 145995
145997 145996
464704 464706
935082 10834
465318 465319
24784 16968
214372 99849
66528 213414
445330 445331
1212195 714643
84241 58900
75899 78202
44199 106637
1431019 1431020
1076568 1076569
38534 505508
869372 869374
1467755 1467756
703149 703148
255267 45812
20062 238598
177199 410151
177199 410152
141337 143400
466398 466399
1125712 1125713
1447934 1447931
182994 218224
1309126 1309127
445533 445532
371074 445331
1346362 67390
75241 1029461
32927 67587
78515 90595
463805 463806
1342566 41737
1446639 1446638
1446639 1446637
1154481 303522
719148 1064045
1143589 1342535
669173 18574
420719 1382993
465318 465320
466127 466128
466127 466129
371119 735724
715433 111273
1125712 368909
71819 96432
71819 96431
142524 115792
266892 33238
362510 1154575
97281 97280
372759 1116878
1411181 1411180
1467462 1467463
868584 868583
30038 145561
1389449 1389448
372688 69050
348841 465427
163856 163855
145830 464485
58326 2896
311346 1259031
177208 27391
445351 445355
445351 445352
1164333 1383403
163331 24786
163331 24785
98348 98347
209133 210818
267029 187710
472237 715434
93924 69096
595409 165146
71726 71326
465426 2323
73375 69103
43504 885443
43504 885444
1873 58900
19729 181065
370950 1112245
1073703 1073702
82731 82733
1029250 371846
164195 266892
38322 464899
961538 1257987
371839 25563
1447364 1446875
27014 141603
164923 98188
419357 934187
150754 1447218
531735 24712
531735 24713
1490218 1381411
163884 172218
164923 24745
1115304 1382771
267044 61786
465843 868789
1447218 1104098
33426 868504
464713 464714
681990 447184
140054 868484
1029709 371225
1125712 552962
67620 68831
163783 212420
266821 702929
165282 464936
179359 747732
24785 24786
74533 74531
74533 74532
97785 97786
97785 97782
1346465 1346466
144886 1153565
143898 145995
143898 145997
419111 419110
662514 1382638
48442 1081808
1064026 1064029
1282687 775299
106643 141304
1072789 223773
82732 82731
82732 82733
419797 1219587
419797 1219586
1289833 98601
17652 48221
607297 1411181
607297 1411182
465338 371913
43399 419214
22955 1259220
114767 66385
466170 212420
82732 74553
445202 445201
445202 445200
769798 439931
423946 423947
144969 144967
144969 144968
445337 445338
445337 445339
830943 1033275
78946 78949
78946 78948
1303328 1153974
747684 747685
1384123 1384124
445330 445329
17403 70340
1082078 1082079
599053 1289718
1467355 144211
37359 212524
72947 72943
120104 143907
139363 33087
694559 1417770
1076568 1076571
372158 372345
423947 1030640
303694 1029250
143727 143726
420406 1382786
1430933 1430931
64024 402069
163626 575738
281234 444877
1154091 1154092
1154091 1154090
1154092 1154090
702887 702888
142523 142524
45703 703052
73375 73725
419876 715424
513953 541253
140216 217639
891741 48080
77822 97310
703139 618995
1283865 775433
80485 80486
1467464 1467465
1411183 1411180
1411183 1411181
1411183 1411182
715422 313976
1208452 1389652
33087 419636
1064027 1064026
1064027 1064028
1064027 1064029
1156010 464605
144658 17526
140081 141247
1153955 1153954
285519 1459626
115555 40311
1211354 723418
561963 830604
419769 419768
1154658 1154659
874566 830984
92226 90486
21252 293133
355339 382382
164154 33112
445511 46661
106611 775458
35940 146521
163330 1029250
304102 304101
373007 1220357
1383266 71686
1154051 650969
941052 227322
321537 1457243
463995 463994
14365 172218
227322 225512
657265 140517
1068985 1071960
4402 466116
157196 160640
1446209 1446202
949654 1345672
40996 371225
371074 445329
256749 463639
420406 1289630
885444 885443
679301 679300
179370 907004
164154 552962
1350959 1350421
465124 48734
868905 868906
273295 178780
464984 113279
1467466 1467463
372976 372978
1382914 1382916
1382914 1382915
24785 464936
214362 177211
750215 214831
89350 89352
89350 89351
44369 927334
650866 436440
445387 445473
140221 164859
371726 164298
212420 3709
58353 102059
891748 891751
164583 164584
138969 2910
868753 559564
362742 231868
66828 481696
465426 465429
465426 465428
96432 96431
69441 93924
106611 1029250
1467463 1467465
1430934 1430933
1430934 1430932
1430934 1430931
212196 142803
5921 497342
1069712 1069710
303917 254447
774199 891750
33640 1166046
112543 1289638
1212434 1212435
672720 178784
868871 164298
1073800 612839
775458 24786
76551 72061
648153 104173
463946 1389440
306605 1467465
92012 92011
1108723 1108719
1115254 1029440
84239 84240
24498 181086
1494221 513994
82917 82916
23923 61787
97266 97268
97266 97265
97266 97267
445378 445379
75899 78203
1111899 752811
353717 373387
163331 106611
121991 145256
445408 445407
314565 1216684
1068010 1068012
164477 163593
445246 266821
1490431 147446
24786 371846
371469 1346241
750513 16601
1467618 163343
1114083 1113812
172218 387047
163806 163805
140240 140239
852001 852000
72116 72112
72116 72114
9137 1459504
163330 769776
419798 419799
142685 144988
753544 1282623
1111712 1111870
445574 445573
1073938 223773
161355 163658
225519 1155321
445578 97333
1034004 67349
445575 445576
163331 165282
377265 67064
1155176 1155177
1345586 1345587
679308 679307
1447234 1447236
1447234 1447235
250089 146622
250089 146623
1450308 1450309
371020 372880
267029 20066
1125713 552962
140058 140059
98728 98727
98728 98726
1447152 1447153
1447152 1447155
1450249 1450248
146622 225489
445243 371819
69946 421909
1284370 58252
122523 100407
1218580 1166091
869137 464618
844736 730825
183330 146425
589872 196627
79933 87822
79933 87821
32174 3715
58353 141807
1081987 64536
1446202 1446205
1446202 1446203
368909 1125713
445246 702929
445577 97333
465764 465765
831057 15084
145597 146633
106595 38778
372938 715398
372938 715399
371798 445474
371798 445475
371798 445476
371798 445473
996501 1154347
715427 715426
35940 16767
464590 84390
1128739 1128741
1128739 1128740
142523 115792
26460 139363
753774 1384993
463883 463884
463883 463885
439500 1207646
512896 233877
89104 90595
141527 1155186
1447931 1447932
1447931 1447930
24772 24775
24772 24774
146623 17511
1211800 979625
306499 19729
466111 466112
141712 141711
1342209 1342210
463907 25623
368909 164154
93250 93252
93250 93251
347510 361019
1346159 1088020
445335 445336
195885 1154322
1289745 1289746
33381 907004
106630 106595
419818 68221
650866 1212195
650866 1212194
650866 1212193
1447237 1447236
445414 445416
267371 143875
32927 830890
423947 514056
1129023 413926
163331 163330
419014 419013
1345981 1345982
1457261 14129
1411181 1411182
869218 37301
24757 445526
616231 371890
1457261 321347
1212436 1212435
1212436 1212434
1107249 24785
1107249 24786
145545 144988
371518 496761
163330 165144
45333 1458785
869043 458950
464778 769898
464778 769899
164993 163494
67284 1211020
1212195 436440
1389710 1389708
1389710 1389709
1218568 371272
73375 73724
23566 16270
1430932 1430931
1430932 1430933
1467463 1467464
146622 17511
93253 93250
93253 93251
93253 93252
436390 1212045
1446209 1446203
1446209 1446206
1446209 1446204
1446209 1446205
1446209 1446208
300116 1166187
87374 87375
106613 163658
466233 466232
753545 1282623
140036 140037
1345644 112080
465262 371524
306499 324158
1078900 1070042
1411182 669112
303694 1107249
1154138 1154575
1350155 1350154
1081609 1081937
306605 1467462
306605 1467463
306605 1467464
59230 74513
567804 830604
146622 146623
26742 1289707
19903 15084
178780 465684
163629 617983
282105 505964
41634 170816
616231 33426
1447475 1447750
869147 614632
361019 5440
67349 98188
303694 24785
303694 24786
88169 1155565
1071654 1445982
1219585 419797
1447234 1447237
1490853 1490854
163608 68032
