474286 493936
59109 58922
372975 749888
146848 146850
513971 513970
179349 250053
768796 768797
303567 100496
25592 433593
565384 885468
33577 2560
747651 428687
72254 304214
1384085 1384086
164892 464261
251336 886485
225483 147467
830874 19903
92690 70106
163626 161210
74150 332283
875759 875162
81877 81879
1467962 1028962
303327 837165
876462 28198
727190 24498
1411268 1218534
388644 653046
93924 355334
81213 144186
155301 371495
1116603 1116604
106602 106604
73403 76517
507852 1081587
293635 357993
845977 845978
73795 1113959
17403 303966
88376 1154168
1258949 1244544
45333 163629
1411552 1410963
448302 876197
448302 876196
876353 876354
477002 2773
618759 544551
410159 769765
1075641 1070018
267029 19903
876107 876108
876107 876109
148953 174952
1383874 1383876
1076461 1068295
837008 837009
210818 18022
370991 266821
830961 46717
79507 82790
88019 88020
1389523 1389522
372060 491591
1383347 1289803
466059 1423014
715433 715426
1411551 1411549
1077269 1077267
747060 715407
144408 144409
1072131 669294
321347 14129
37836 1037127
160668 42371
59261 213846
41299 1282279
18586 32979
16270 61937
419786 37786
1079169 1079168
18228 1114596
876588 1064209
875890 875893
875890 875892
876050 876049
145163 139170
1411021 1296407
1468673 1468674
846008 620920
1075523 1075524
876334 876335
1346387 545684
75827 80477
445613 372548
303354 35862
1411044 1411045
603525 1460022
353712 402836
678357 369356
103877 148934
89104 29843
372194 876121
526465 526783
1447511 153722
1258055 20066
449496 32997
82796 82795
120165 160128
371902 481661
164195 267029
1389420 1081533
164320 24745
72112 72114
72112 72117
199510 1382683
840638 876377
199832 934310
91451 91450
161210 1346125
1292234 1045545
181067 68831
753642 1033220
92493 74611
371319 148928
618939 428331
139182 876334
139182 876335
344408 324158
38113 618416
1045870 1115158
869322 869323
1154954 1289740
642629 1416370
140517 142389
225489 2133
92662 84103
1258239 1258237
1258239 1258238
659408 1135290
1450042 1104098
845999 617370
163339 163809
837138 837165
40326 252349
1116698 163248
869100 211738
845983 252345
1114550 1490327
16619 477058
66216 87434
163965 48731
164373 164370
304093 100496
372060 868356
1040629 1259441
30681 1031593
730763 175777
164993 148942
181067 173998
71514 73165
1450043 934102
162535 104911
512889 445565
58273 1490433
419531 419529
876225 875926
66983 67620
526285 526286
94033 91017
178806 672727
145274 145273
83955 83247
465839 445850
16270 33624
854819 1345801
875905 875835
1448760 1448759
33577 33623
513958 513957
907026 104395
876277 876275
876278 876275
876278 876277
876396 430028
145270 145273
145270 145272
145270 145271
145270 145274
875737 875736
14233 33624
1289913 1289914
66299 66300
73898 79938
148954 160668
69869 70208
837008 248526
526465 367808
934102 1104098
25621 465986
4464 430154
420234 826090
146850 33262
18022 851385
1450041 1035112
361019 65446
70129 445613
143650 143649
1346419 1346420
133556 148977
630560 3719
1346101 1346102
876354 254158
38163 45916
2560 106589
1482905 372050
339003 876162
1383874 1031645
140017 79967
1258762 1258761
76 337443
2560 2466
4402 42534
463779 1308964
876016 876017
1072104 1072103
1072104 1072105
876313 753846
464693 875905
163626 1346125
304141 82522
43388 15084
66737 1259498
96899 96900
18022 463956
464364 42830
32765 39971
373123 343059
163783 59114
466181 875835
17403 36810
1115212 1126010
875719 717340
3712 33104
478557 402448
87808 87809
144446 144447
779830 1410904
146605 214813
1258968 1383087
110328 111281
1389420 1389421
878315 1430727
830602 313811
846004 40326
75446 52175
163784 163783
163784 163782
869100 69619
1073710 1073711
402257 61788
1116919 35940
164373 4537
1304982 692709
1490616 83562
304141 1383500
148941 513998
1416766 1416765
266202 2560
875862 247
164898 16968
876276 876278
876276 876277
876276 876275
66415 179341
418280 1075003
1490400 1490402
1490400 1490401
1411551 1410963
371137 2511
78213 84654
76914 96391
1073709 1073711
1073709 1073710
18574 162564
12344 488908
257717 66739
1383087 569468
144330 749992
144330 749991
32927 142803
1383486 304141
1469016 1468269
876408 876407
876408 876409
147458 13057
466469 514029
401941 439803
876305 876302
876108 876109
130468 246801
163742 163744
876434 371760
373138 401941
72113 72114
72113 72112
163593 122973
84052 84051
82796 89933
14772 214764
148953 874677
140216 27014
82559 82558
145830 775420
211627 304034
680798 1282125
69441 747437
69077 27062
514021 514020
672720 672719
616522 845999
1411032 1411033
164737 163494
89835 89836
371794 1282368
1258967 1003541
303826 419651
876195 448302
98179 73381
526654 526101
1073708 1070018
141694 144658
876120 876121
210760 25268
876047 876050
124174 410241
117873 876469
145272 145274
145272 145271
145272 145273
18601 162564
97635 97636
335152 158998
1113963 1410976
1383874 1383875
78022 78023
35273 876483
35273 876484
1211331 436845
37836 1448759
61786 114157
29843 77157
1410801 1410972
4062 6133
223208 147458
144181 3715
547988 144181
163626 40952
42628 267005
851655 372489
72032 71567
372775 876109
372775 876107
845996 845997
493936 449496
83956 83955
83956 83957
83956 83953
210760 159350
1113930 1114770
1113930 1114771
624325 221244
77637 3814
548388 5455
71514 91705
512889 1125581
672734 339126
427991 618940
851538 851537
1045870 1114824
876410 876409
1258625 1244465
1155206 459778
876111 138015
445246 130468
143447 100404
2526 513970
2526 513972
148953 49192
284395 693721
1175256 293133
303947 303948
846010 372280
508145 1258290
85691 85692
1175256 586710
1116671 207419
702760 702743
796327 269406
15256 307951
163856 163854
178806 672719
464291 876407
337448 145625
82118 82117
82118 82116
851655 419132
876014 876016
504710 323478
72623 86564
233623 372050
699566 445613
80088 80938
420346 153905
371465 775300
1447651 1447654
163854 163855
80908 80909
72622 86564
419876 372995
304341 164638
87808 87810
140491 140490
1350054 1351907
1079169 1079167
13119 875996
787624 781362
464364 876439
75885 77157
875906 464728
48827 769827
1289941 18177
163542 163541
143909 139165
122001 176557
934507 561783
1141533 1139081
1073710 1073708
77276 570173
163782 59114
457186 18603
369147 343059
3251 147430
323089 371238
1416446 1416447
144269 144967
719146 1389474
142054 139858
672721 574713
845992 36680
1035112 1450042
1035112 1450043
73375 72835
591870 591869
420582 225493
18022 68032
381736 32964
163958 24746
80485 92104
476995 93924
851919 875926
876435 876433
1430532 422122
89104 78515
304141 1384546
104395 741984
211199 1155858
1292570 1291898
372489 419132
1108829 1108830
1218836 143399
876408 876410
1346032 371208
373123 237821
543286 271587
876029 876030
1115304 146582
463904 25623
371005 160240
76989 71915
76989 71916
225489 19903
616741 906937
876376 876114
207419 206947
876391 876392
148928 165037
6133 162564
729496 830603
513950 513948
1445957 1445958
1445957 1445959
876213 464261
140289 143105
164806 164805
44564 419350
139046 59359
1458820 594242
1308995 158729
876248 876249
526654 526113
251291 445468
48516 207836
851971 851730
321541 596339
875832 875835
875832 875834
875832 875831
1126115 1125880
1411021 1446155
88646 163717
876047 876048
876047 876049
88021 74621
1211235 1156407
163809 179307
742319 630524
526286 527221
464183 15122
234109 419023
1154194 1154826
436390 1212044
68454 1345925
100404 371272
18062 140216
1282323 371465
672726 672719
875933 875935
1384545 1384546
1207443 1207442
430028 38449
142053 142054
514003 163198
514003 163199
542153 2517
99170 35188
16968 24783
160816 66737
1219584 1185541
749992 749991
268349 1411019
1211674 34910
248078 372779
375444 225489
164372 164370
164372 164373
1166082 1166081
1292314 1292264
106602 906999
67535 24753
337768 869501
876196 162421
1450005 462064
526041 526562
16593 91946
875683 875681
875683 875682
140234 225489
226930 37816
1351375 1351377
1219918 1128595
547988 3715
419204 1468025
445528 1495029
252225 252349
831048 1041063
27515 729496
231804 1154954
1411328 1411327
466440 267474
163884 10351
1143329 321347
1035112 934102
782478 457169
1079171 1079168
481697 876473
1154443 172316
876333 60851
1411552 1411549
875936 875935
871516 1053671
1350160 1350161
76184 76182
227322 267029
204276 400875
71745 71744
1219504 464707
778410 1114086
72621 72620
1031645 1383876
548388 617708
875838 875840
875838 875841
547988 32174
463623 164476
1073709 1070016
1073709 1070018
1070016 1073711
1070016 1073710
1383875 1383876
1126238 943269
1383277 569643
1029865 2572
74573 160668
1457284 13883
100404 164102
698851 1059702
1076071 1076072
1448551 1447530
2559 106589
76914 93428
22223 33288
1103869 1190887
1346280 565383
293133 375290
69096 50278
307443 369238
28198 869299
72622 77487
876524 876523
1175256 460111
85691 75827
78582 85831
2701 845994
514001 199832
1283639 163809
875834 875831
875834 875835
1350179 1350178
1244491 1244365
68983 163248
875802 875801
715402 63635
617370 846000
2535 2511
1416445 1416446
1416445 1416447
1447628 1447629
1037127 1448762
1037127 1448760
1457283 1457284
1220785 1220784
143399 344454
1382970 112299
616647 530908
309198 225489
375290 586710
79795 84848
355205 16943
1431045 1431046
699566 164476
1351031 1298787
1448464 934102
83247 83957
2524 2526
1035112 1104098
18601 4062
1350160 1081479
69441 303877
26789 106626
725510 313431
1289670 255402
87033 329067
121986 267528
143475 869049
553112 148961
513960 324158
66665 142803
1212578 1212577
1359343 553236
164324 143907
1077379 1073101
82962 81786
679304 679311
1450044 934102
344408 547334
33104 179344
165144 79064
1448464 1450041
1448464 1450042
1448464 1450043
356684 32827
143113 146137
1076075 1076074
1076075 1076072
1076075 1076073
1076075 1076070
809646 1382996
32964 32835
852156 67464
420406 420498
163515 121980
1077376 1073101
100404 44784
1218648 1417822
1092 144094
140017 140014
140017 140015
1103869 16244
616079 12
70001 21531
68620 513956
33312 1166113
321541 267147
876396 144181
876510 876508
1218699 67482
1289778 1289777
672726 672727
672726 672728
238763 346803
1081572 871516
464297 547988
78022 145256
1258289 346921
1309059 106613
2133 153905
73391 78515
1081549 1081548
172230 1059955
142053 139858
160816 14570
63635 133828
845995 845996
875841 714570
16946 1383087
147639 21939
513958 513959
513958 513956
79507 82789
161355 372530
679304 1350834
208472 178809
238743 749752
372658 100701
139165 145633
447252 1041102
465569 466306
95136 1113834
466449 304277
25627 852153
69909 1218976
37836 1446203
37836 1446202
876353 466172
347128 70160
30681 373136
1033185 1081561
439137 472233
876527 18022
876161 876162
477633 1077479
526677 90188
297487 27536
33262 146849
1450044 1450043
1450044 1450041
87783 35188
218457 409032
876472 481697
869365 618416
187436 1431089
1467311 806120
145782 145783
163627 40952
9430 71665
17474 466318
845861 596428
79795 85552
67937 56538
4110 34969
267474 372707
1458783 162564
20066 1258054
314157 356685
876335 491591
654955 148977
1070016 1073708
3774 445327
163505 164805
163505 164807
2560 2559
624160 624161
371794 1410939
971276 945213
98050 98051
1030321 742718
369147 419102
49192 1218504
1383987 2355
371137 5455
48516 617708
231264 876121
231264 876120
78021 78022
78021 78023
464693 875835
1416834 1296407
66828 267332
162535 88646
809646 1081580
1218477 1108777
420744 420743
303950 303947
303950 303948
303950 303949
158998 1416330
1447653 1447650
1447653 1447651
1447653 1447652
1447653 1447654
410151 410152
1460026 439852
71819 3814
1460051 166989
344463 464707
144181 430028
1067657 1067656
356684 314157
209133 68831
89516 78592
1077378 1077377
1077378 1077376
75159 77979
1077377 1073101
1076168 1076167
42534 466116
80798 1154786
472233 466299
1115212 47384
371137 617708
1143329 992301
1289681 1289957
1037127 1448759
875736 875735
273114 102537
875802 464420
1411517 143463
1155755 42959
140016 140015
1258247 1258246
496968 372695
1346098 463974
1448760 1446202
1448760 1446203
70449 41904
352183 373186
514229 372673
358783 1116706
83504 95564
33392 5441
33392 5440
100474 267580
106579 163515
1411319 1257154
1298787 1469029
69735 77075
24783 66385
100646 372916
1094418 574968
1495850 1495849
1115243 1115242
141166 141165
876588 876549
208819 303343
87646 94060
481681 481680
140899 39396
43307 147639
80088 81672
1346419 1345907
1260072 98547
106582 12976
73356 73357
526678 90188
1430591 1430592
1382786 569643
618369 301501
81532 78198
1411551 1411552
1411551 1411550
99988 775298
1211331 1211332
876387 876386
1079649 32601
209125 875968
1595 68831
618369 427991
1258968 420574
445374 1126327
181067 267371
1079170 1079171
1072103 1072105
1081772 1116570
174944 1494210
1258047 1488793
233623 1075317
874580 15084
163198 135905
163342 163341
1076462 1076459
37836 1448760
37836 1448762
160511 164209
371238 445352
371238 445355
1447652 1447654
1416662 1416661
1282086 1282087
85693 85691
78925 1282875
179327 1207431
140404 140403
372775 876108
163515 106613
1410818 1410819
92071 98179
474286 32997
420671 142803
876110 138015
32788 32785
876111 876112
18574 41742
769921 424020
33392 3715
1350559 854819
1109018 1491189
1109018 1491188
420406 74850
1153764 1062553
140014 140015
837175 837176
875840 714570
49192 174952
1218571 47457
465209 753358
144658 145633
464728 464825
1450043 1104098
25677 148934
267117 244971
2535 207836
526677 526680
1076075 1076071
875800 464420
445387 1125703
16968 66385
1292294 1291893
371510 42830
875685 875682
82117 82116
94901 94902
94901 94900
1211769 151156
373214 449496
92496 92497
1448760 1448762
672726 178806
2556 481672
321541 831048
961557 1081572
210818 120165
876396 3715
1350834 679311
513341 67464
371415 35538
1063967 1063968
32827 314157
876484 876483
624168 624167
1346117 73381
472786 1467944
163889 160668
5425 1220282
93924 50278
69162 303966
371137 207836
42799 772458
1350179 1350180
72114 72117
875936 400369
1345571 1292279
596375 458410
212932 753358
72113 72117
122001 70129
1135683 1383659
748157 748156
100404 164169
423466 306372
248078 102059
846012 158933
1073710 1070018
1450122 1355207
373214 32997
71289 76517
8261 215406
69946 173160
1039608 1039903
1114969 1114387
163997 163494
1072105 1056058
96535 96534
66496 15122
876277 357498
388683 1155983
846004 252349
571243 160528
17212 75885
513976 513979
513976 513978
513976 513975
513976 513977
1092 837208
46251 106595
1113942 1114208
188852 592170
766325 1289977
1258238 1258237
191761 372591
1469016 542149
876114 876473
81785 81786
845999 846000
75438 75439
179307 5440
477036 283306
1448018 1447530
1207641 803219
1345917 1345916
212932 851919
179306 147430
69096 79082
98188 24745
71726 89840
513979 513978
1211872 1115081
33313 106611
372775 860049
140017 140016
13883 846634
787624 322911
370991 234808
876112 138015
592170 672732
1218504 174952
419023 48430
74739 74741
74739 74740
372181 32804
1220607 1220606
84163 77555
465200 831000
39971 36452
167976 181083
831075 334806
339126 389803
373322 1282087
59261 16612
371899 147467
672734 672732
1416887 1416888
140216 1346075
875841 875839
5441 3715
338417 1114803
293635 14571
526678 526679
875737 875735
93924 1346375
1411518 143463
753509 753431
89430 28245
303458 303457
1135120 1124319
2535 371137
32785 132011
747116 100476
1115304 1345887
947356 1289670
77588 71986
1077269 1077266
1077269 1077268
876463 876464
876463 876465
876110 876112
876110 876111
303379 65905
267029 69056
139412 139413
542148 1469016
146847 146846
146847 146849
875934 875935
75414 73881
83012 78203
81686 68360
1411552 1411550
1207641 1207640
1079170 1079167
33484 160128
845987 288081
1431044 1431046
1431044 1431045
869192 464069
66665 3708
66827 145256
1411517 1411518
528076 303378
163792 314522
1260072 1260071
5455 207836
1076462 1076460
420390 831048
463751 15122
1139081 1141394
466008 1282279
464297 38449
831048 447184
513959 513956
513959 513957
373413 38449
74741 74740
1108777 1490856
1411153 1048616
1135683 361276
672731 389803
81672 84328
1416833 1411021
172922 488129
1207455 1207454
87860 87861
115942 1129369
1076070 1076074
1076070 1076072
1076070 1076071
1289957 361938
84102 84103
65446 40553
141342 144750
25621 16601
77487 86564
163854 163857
16946 1258968
96837 402448
1448018 1448551
826527 253641
624167 371686
212576 121980
1351596 553285
1490401 1490403
98547 1260071
1345571 145780
164868 164867
845995 845997
47243 837001
875906 464825
2511 48516
672726 372805
1063990 876159
85551 72587
376385 1289803
1032411 1488503
96899 96898
418988 418987
133828 458410
41729 379238
875892 875893
2559 33623
419204 313960
148939 66248
178117 805683
149001 250041
95163 304141
1446508 1447629
68831 592041
439137 1211714
1039336 1081948
142037 145633
402680 381736
2222 1064136
165095 445550
402864 1207472
876226 875926
1107130 15122
33154 160668
1345594 18041
82861 96391
58273 32088
106630 38778
141694 142037
77555 93452
1077378 1077380
1212858 1212857
267029 874677
309017 75439
214831 214813
191761 306499
72587 85552
303403 303405
16270 14586
698851 43504
876161 876163
876161 876160
500372 512889
27090 69084
61786 100474
934220 859507
148953 164195
481681 481679
142699 140702
1450041 934102
1448761 1448759
248526 837009
406976 258924
253800 27536
961557 871516
1457253 1292294
70660 16270
466172 254158
105 12
875837 875841
465839 1383590
148944 148945
33347 18586
78641 72283
876161 339003
963809 1490840
1029864 2572
253800 11220
44784 830984
548388 2511
493023 875745
1411550 1411549
68221 421909
513958 68620
1031286 17527
876334 491591
1076463 1068295
267089 225512
85551 79795
74738 74740
446495 875793
446495 875792
446495 875794
267117 1283840
17212 77157
481696 267332
372658 337435
92071 73381
601871 212932
2511 207836
33384 852185
284158 16269
303378 191761
1166059 769894
18177 1289940
28817 1422976
419340 323795
1211714 472233
164868 164866
164868 164865
18588 402450
513961 1468673
513961 1468674
1045870 1289921
1045870 1289920
38754 59359
303458 33262
481697 876114
477219 1040087
409032 544551
79795 72587
419730 24745
1292236 1292235
1292236 1292234
355334 79082
1389413 672722
74738 74741
750009 750008
149006 149005
868858 868860
79903 79904
273058 990420
176931 1289753
176931 1289752
419730 98188
251291 1259211
1467350 1467348
83504 83505
876472 876387
526354 526352
67535 32777
1447652 1447650
164195 19903
1467350 1467349
68620 513957
27515 830603
25623 466393
874615 267044
267371 19729
347128 218547
273305 371041
875862 226930
267044 303378
33392 163809
869063 876091
1448762 1448759
528076 33313
750033 543331
67364 1289802
37359 876271
472232 140134
803219 1207640
164371 4537
1114745 1114744
1475801 425481
148785 1031286
1490551 1490752
876413 876412
368296 526160
323089 445355
1204755 96095
79967 140015
79967 140016
727419 33008
876014 876017
419457 1283339
148941 148942
561963 567804
1116702 1116701
1468872 1468873
3716 457186
526051 367808
67937 16613
93924 79082
362742 249337
615356 868793
4537 164370
464183 8684
876031 876029
992301 14129
672719 672727
372805 672719
990420 1383087
92939 83385
1467637 372668
44784 164102
33087 419635
205642 92396
677695 104395
868722 868720
481672 159267
875934 875936
69946 68221
35968 1210339
96279 71945
1126237 1126238
1126237 1126239
63635 481705
63635 481704
1207624 1060071
63635 458410
1494973 1494972
71916 71915
1459545 763738
352278 763738
934100 1345703
33262 146847
33262 146846
1447651 1447650
876444 281245
876353 465949
1070016 1070018
1450044 1450042
1081024 244930
106579 106613
15469 267089
72622 72623
76794 88863
390242 1155569
1345995 231868
868721 868719
1211794 804674
218809 1459545
106579 163516
69626 226547
16946 420574
868507 444966
1289941 1289940
356684 356685
372813 1207537
71514 76899
1345867 66737
304260 304261
1345676 1345675
1351376 1351375
1351376 1351377
441233 279246
267702 162472
732131 1389421
875837 714570
428239 1430754
3709 3708
1383779 1163890
601871 753358
97835 1108217
66496 1107130
1289920 1289921
851273 163494
147505 12
100476 254447
876196 876197
875685 875683
439931 727402
526353 526354
344483 617983
876418 769765
164372 4537
402257 33624
9137 106605
93992 92994
68454 210767
656630 844695
337448 66001
1350953 1265917
1346195 67482
876387 876473
14772 20928
30038 837096
1116550 1116551
160255 162564
144181 38449
419463 852153
67937 369356
1479380 1482699
2560 33623
92758 92759
464297 144181
139738 1521612
769777 591812
1448660 1448094
1030941 1488677
165059 165057
165059 165058
1468150 370950
419530 419531
1458783 4062
282887 1155906
321347 874633
1382773 1382774
164154 481678
753727 27536
601871 465209
1282323 36810
372060 876334
372060 876335
1126237 943269
1029178 1258568
1029178 1258569
445246 246801
464778 464775
74738 74739
868858 868859
89439 1154967
553285 1351597
1081846 1258704
163505 164806
464364 371510
798346 58855
16946 569468
1389524 1389523
1389524 1389522
1351309 1351308
1351309 1351307
2535 5455
210818 463956
146556 163810
1450041 1450042
1450041 1450043
876114 876386
876162 876163
357498 876275
92661 84103
846011 158933
73165 76899
73357 72114
73357 72117
73357 72116
73357 72113
73357 72112
876276 357498
24784 66385
32174 38449
9137 158998
163889 163888
63635 67349
146850 146846
146850 146847
146850 146849
79898 79897
750532 5998
92947 73050
1211331 1212161
210818 68032
1292236 1045545
96903 96904
146582 1345887
1284606 1218467
303474 303475
2559 2466
1258395 1259167
552494 1226725
2524 513972
2524 513970
1207603 1207423
1126239 1126238
508013 160357
2133 420346
24776 741984
1116645 165146
282887 88244
1069060 1069062
1258359 1040846
1116908 16613
77381 83247
1045870 1113917
93924 1248628
49783 402366
474286 449496
1345806 2355
100476 36452
464693 466181
1258656 547852
875738 875735
875738 875737
875738 875736
164807 164805
876031 876030
3716 18603
144981 144982
1207625 1060071
1490400 1490403
513980 513981
8767 683050
94060 75922
837248 27407
81878 81877
81878 81879
875838 875837
875838 875839
164925 221975
24753 768797
70239 836995
1457283 846634
33313 496921
1468872 1468871
1125001 1467557
58855 1260123
163623 845993
347510 5440
1258008 1259350
17930 16863
36810 371465
163809 5440
179315 154169
542148 1468269
67273 1218602
72038 1113812
102537 68831
18601 6133
747886 747885
1448935 1448934
211738 69619
439502 18606
143909 144658
464778 1116906
445245 1125463
445245 1125462
73724 73725
1077268 1077267
1077268 1077266
23248 31094
48827 371043
162535 565375
18570 336913
695560 885468
1383175 1383725
1099402 221244
423670 1154580
1164083 1345916
145100 145099
87434 163743
87434 163742
87434 163741
87434 163744
837138 116973
371171 886485
89104 73391
165144 24775
375371 176753
876335 868356
164137 18070
1116749 1116750
2535 48516
10351 160668
1289650 313431
2647 1257976
82115 82116
82115 82118
1411615 70449
1244849 650866
1218470 1218471
75531 81029
139170 139169
876499 1416441
1259498 257717
370851 1081576
1494178 114580
662514 1383779
91706 91707
874667 179349
1447152 1450664
43307 21939
106575 24712
93452 85704
1061322 1490251
14971 357993
160462 424020
2773 31094
73724 59230
72661 78842
886485 365298
343059 237821
163198 163199
561942 1220785
561942 1220784
20928 214764
1258733 1258734
513999 513998
448302 162421
463751 464183
1029864 1029865
71726 80361
33503 797752
1450664 1450665
106575 164401
105570 144327
1416832 1411021
164371 164370
876483 164656
280230 83990
75241 1383756
6230 746905
477042 294800
91238 91237
60564 419635
1143329 493879
49207 158167
1104039 1488503
144981 144979
266859 67587
1212044 1212094
419530 419529
92690 9430
774704 1468203
71369 71370
464291 876410
17403 139665
1457253 1291893
370851 1389400
809647 175209
9137 6151
123984 1155983
71680 75877
20592 20842
601871 851919
143399 266892
163516 163515
304298 67953
625409 1411502
87433 77588
753725 462134
830883 142803
352183 1467600
419122 6720
463797 526101
66731 545684
142193 297487
48734 419463
303288 303289
1258994 1258993
875862 37816
420671 508053
672716 672715
672716 672717
164195 225489
3715 38449
1346034 133449
144658 139165
876278 357498
481678 227521
48283 846009
372813 372812
1345925 210767
142193 753727
5455 48516
371510 876439
1416832 1296407
662514 1382683
831086 68753
67898 16613
385174 334799
74059 74058
465949 254158
372779 102059
463904 876249
373150 1363287
547988 430028
163516 106613
78213 75050
179305 147430
788346 1211068
875934 400369
27805 33104
1107255 559137
961557 1053671
1495720 1495719
1460026 571302
876278 222752
876407 876409
24712 164401
574713 188852
339126 672732
110898 457844
1067318 1067319
500372 445565
83956 83247
1207624 1207625
143909 142037
875722 28198
78163 1108753
225489 267029
74553 79904
164452 164451
143648 143649
35273 164656
513971 2524
513971 2526
141527 1155011
372342 481661
15469 225512
552494 831048
32788 132011
4062 67843
1345806 1383987
876527 851385
306499 372591
67843 6133
83953 83247
67390 90791
1077380 1073101
830883 830961
164923 34519
1284638 1166189
526680 526679
826090 176931
282526 1154580
87866 87867
5425 857645
139182 142663
371899 225483
837072 370942
477053 2559
1212161 436845
1345648 1346444
1345907 1346420
1309096 1309095
1448761 1446203
1448761 1446202
353712 353711
146793 303628
1448761 1448762
1448761 1448760
369147 237821
1153763 1153764
1282398 1125573
2511 617708
1037127 1446203
1037127 1446202
875837 875839
165057 165058
371072 373297
371072 373298
106579 121980
53983 86382
93297 93296
344408 120165
251336 371171
33577 266202
513957 513956
150244 16612
875840 875839
875840 875837
18574 165146
514009 514011
514009 514010
32827 356685
66665 420346
381736 32835
164195 630524
875926 753358
1350570 1350834
369147 373123
1125462 1125463
400553 76
92348 92347
33428 410295
225483 768801
144781 144782
24773 147491
616522 846000
68408 363875
371137 48516
1113812 329088
672731 339126
304260 43065
251128 273295
72508 1114969
699566 372548
16270 132509
5455 2511
170777 1346168
1258289 1033275
876248 463904
347258 273105
163544 1309043
464291 876409
1079167 1079171
464297 430028
266892 1595
69441 481722
875685 875681
875685 875684
875831 875835
481712 481713
91018 91017
91018 91016
98272 513557
860049 876107
860049 876108
860049 876109
493936 32997
1467863 486985
750513 25621
552494 1041063
163341 106613
187411 1346444
526654 463797
163743 163742
163743 163741
163743 163744
143447 44784
562819 1416564
750347 14571
80108 73375
163342 106613
267117 121986
212932 465209
1115212 1281988
463797 526113
179305 3251
1384480 1384479
918321 27062
1450043 1450042
526679 90188
505964 446337
233623 1482905
1346261 344240
851385 876528
768796 32777
33263 513956
2222 457169
179305 179306
796327 213015
88834 88835
1416663 1416661
1416663 1416662
419818 66825
48283 846008
47384 1281988
69084 42249
238842 830989
447195 123749
1258968 1045940
616741 17846
1116699 1116698
3715 430028
79903 74553
1430560 147347
419687 419688
2535 617708
449262 83990
139412 72112
321488 321487
618369 428331
851970 851730
106870 104305
373413 164557
460111 586710
420346 142803
61786 267580
1077379 1077378
1077379 1077376
1077379 1077377
1076461 1076459
868722 868719
603919 1383597
69630 465811
93991 93992
851919 465209
141312 141313
141312 141311
1104039 1032411
875838 714570
163494 16952
24784 24783
144982 144979
16946 990420
148953 69056
143648 143650
876017 876013
165023 122362
526314 527039
466440 372707
88019 74621
105 616079
868721 868720
868721 868722
141920 144750
514010 514011
526353 526352
1446155 1296407
77442 74622
80111 80112
150344 14256
1166082 1166120
35402 163494
32174 144181
876028 876029
447292 1258055
68032 463956
24776 907026
1289938 212798
526101 526113
144658 142037
48734 852153
76183 76182
76183 76184
934102 1450042
312372 1350682
1411218 281098
18574 4062
210818 591812
76602 93504
76602 93503
1068295 1076459
526561 526041
371208 5722
1068844 1068845
1076069 1076070
876048 876049
2511 2489
891738 342791
427991 428331
95888 74462
87809 87810
18601 67843
716531 5428
513980 57313
66999 212302
1416833 1416832
1416833 1416834
505964 830868
477036 595596
66828 66827
346985 161294
1077267 1077266
876249 466393
1135557 1135556
2556 267966
140216 69878
465429 2323
266821 234808
1282323 775300
1416886 1416887
1416886 1416888
207043 34910
463616 163809
251291 142803
225489 420346
875952 875951
24753 32777
371137 548388
92660 92662
92660 92661
141506 115792
876509 143537
61788 334806
1458839 159189
460111 16612
164737 16952
145425 90031
1259498 66739
1384376 420719
1382963 1212071
43065 304261
1079167 1079168
94902 94900
513994 513993
1459961 954451
164324 164325
4062 61937
749992 147335
677695 741984
1039780 492141
64225 1282972
93991 92994
876459 876458
875792 875794
875792 875793
82732 76794
1212381 118060
175209 166989
224260 267371
449516 1113866
474286 373214
77381 83956
77381 83957
77381 83953
1039297 64536
876435 371760
266892 68831
187974 876176
42628 359356
79089 78592
1445769 1445768
5441 5440
14772 58913
1108791 1108755
1073711 1073708
1416369 1416370
747116 254447
314552 371043
1289753 1289752
357993 14571
146071 254200
2489 617708
672734 592170
141694 145633
1460073 22568
876197 162421
769899 1116906
145271 145273
145271 145274
18601 18574
1258008 553319
1154960 9034
142055 142053
142055 142054
93428 96391
5417 876017
875891 875893
226609 727372
66737 66739
595427 401941
273305 267200
146848 146849
36117 372846
876408 464291
81029 78935
30038 65999
1467353 44558
831048 1039967
68287 149245
1072132 669294
215569 164164
672728 672727
1417779 1417778
1345996 231868
164898 66385
36810 775300
727429 253157
419195 625384
1076073 1076074
1076073 1076070
1076073 1076071
1076073 1076072
32927 445468
1322890 578126
875922 875923
65823 419031
851582 851583
163809 3715
460111 150244
80108 73724
42230 100407
52925 270
32927 251291
798346 1260123
1345648 187411
543331 147469
1077379 1077380
88244 1155906
139182 868356
72116 72113
72116 72117
677695 907026
155231 702840
650481 1108898
147335 8005
88020 74621
419102 343059
1114257 1114258
94902 79680
699566 439931
21588 285519
846009 846008
83806 93452
83806 93451
123984 388683
87646 75922
526285 527221
97930 97931
1175256 375290
188852 672732
18574 67843
24796 42830
526118 526710
627677 1446241
876410 876407
82861 93428
164325 143907
43504 1059702
1468871 1468873
94900 79680
769804 769805
1068508 1077479
144745 140702
1457283 13883
577253 147160
594302 433808
146622 401771
178117 221804
427596 420346
464412 575738
876509 876510
876028 876030
876028 876031
76468 1114252
76468 1114253
104911 565375
66737 257717
77154 85255
876354 465949
146846 146849
592170 339126
875890 875891
2144 140677
24713 24712
1446508 1260071
377265 4537
89104 89103
876353 254158
17129 68831
94901 79680
1467336 882477
1103257 89152
528076 372591
74553 76794
178806 672728
1072103 1056058
672714 672713
672714 672712
876048 876050
561942 208926
58940 58941
214764 58913
465465 869225
876016 876015
876016 876013
100476 39971
1072133 669294
312372 1350683
528076 191761
30038 513938
1289766 148973
65883 656605
133556 654955
565349 565350
142889 141692
1069061 1069062
1069061 1069060
1292235 1045545
505964 321315
1153763 1062553
266859 181086
750033 147469
748618 748619
525617 1047790
36810 303966
121986 69654
1258968 569468
1346063 1346064
57313 513981
1125750 1126045
875952 875947
875952 875948
875952 875949
1448464 1035112
1447651 1447652
18601 1032676
876276 222752
428331 618940
1447628 1446508
85030 361276
88021 88019
742718 398495
77555 85704
808014 1015332
1383362 683131
75898 75899
67898 1116908
542148 542149
163741 163744
163741 163742
617708 207836
18574 160255
1211674 207043
709129 418386
145159 129891
1220282 857645
143909 145633
750513 465986
1212133 13263
672723 672740
624168 371686
71745 52175
103222 851385
876131 419340
1068844 1068846
39971 464461
1467864 372930
1258568 1258569
146848 33262
144979 144980
234109 48430
76084 87221
32779 33238
990420 569468
321541 109345
1292234 1292235
48283 620920
1289771 1113959
251336 365298
301501 618940
75241 78969
876508 143537
218647 27062
37836 1448761
1350721 1350720
139165 142037
162535 163717
165165 592041
1283840 244971
1283885 209125
303327 837138
1389420 732131
139748 875707
11220 142193
67843 162564
130406 420416
74553 74554
74553 74555
399 153949
992301 321347
851977 36956
526677 526678
526677 526679
513977 513978
513977 513979
513977 513975
252225 40326
158998 164451
662514 199510
419499 179362
419499 179361
1384461 1115449
419102 237821
71327 71326
48734 25627
1081533 1389421
66162 1346192
85693 85692
83953 83957
222752 357498
1345718 1345717
875800 875801
875800 875802
548388 48516
1258763 1258761
1258763 1258762
552494 1039967
33392 179307
33154 163888
212932 875926
105 147505
5417 876015
266859 66784
165165 68831
106604 906999
876306 876305
876306 876304
876306 876303
876306 876302
875948 875947
875948 875949
420234 1289753
164866 164867
618939 427991
1155457 1155458
410159 876418
26025 978652
300729 16270
213289 16724
164195 69056
4062 162564
1410971 148950
1416833 1296407
527256 526020
67937 67898
1073685 1073684
488912 488904
178117 458869
866717 1080780
273295 831025
78582 17367
513999 148941
251291 830883
301501 428331
558943 63635
72434 72435
82522 1384546
481704 481705
830868 446337
465487 860439
33426 131903
66045 314568
1450005 159708
876509 876508
344463 1219504
163999 164000
361662 875793
361662 875792
361662 875794
875840 875841
875793 875794
1108984 1108755
876019 876018
526465 526051
513949 513950
618939 618940
371899 768801
188852 339126
148953 1218504
597445 569619
1116677 565383
1459751 148950
876213 164892
1167805 29
514027 514026
464420 875801
164865 164866
164865 164867
356665 356666
445468 142803
493936 373214
1076460 1076459
11220 27536
140014 140016
1212044 1212045
92660 84103
25268 159350
526680 90188
68032 120165
500372 1125581
1154227 1154472
74554 74555
547315 321212
514004 163198
493879 996526
769762 109345
1114253 1114252
400553 402250
1128113 33384
409032 618759
267200 371041
876248 25623
67535 768797
67535 768796
24795 481685
21252 1331
141646 141645
1283624 492589
1257970 1257969
174210 60609
177307 373387
252225 846004
1040622 1039755
83955 83953
83955 83957
99064 99063
466008 41299
1482757 1260938
301440 301082
1447152 1450665
1449751 1449750
74973 40816
445468 1040496
1069059 1069062
1069059 1069061
1069059 1069060
303452 303451
231264 372194
1351308 1351307
147351 121980
91705 76899
15067 208819
372181 373163
402680 32964
1166174 3719
100404 69961
1040133 1259310
1040133 1259311
874627 372548
72623 77487
876387 481697
84956 71326
1448551 1448552
1526255 181065
876120 372194
876304 876302
447292 20066
513956 530530
76 402250
221565 876084
1077378 1073101
1448018 1448552
75446 71744
1072106 1072103
1072106 1072105
1072106 1072104
851919 753358
93451 85704
16619 1100
86165 86164
163516 121980
164892 140134
526070 526071
181000 128314
1114248 1114247
164557 38449
159267 2517
36452 481702
321541 20066
18022 120165
355334 50278
876434 876435
876434 876433
22872 267089
778410 69279
1153788 50278
78934 81029
677695 24776
445850 418947
1494203 16738
1346064 100748
358855 1345863
1125581 445565
163784 59114
83806 77555
402680 32835
1126239 943269
1350682 1350683
1384545 82522
141644 141645
141644 141646
447292 1258054
768801 147467
93924 636632
91705 73165
33638 925003
373138 595427
876084 492637
874677 69056
14971 293635
139259 70001
875926 465209
293133 586710
826090 1289753
826090 1289752
465839 418947
1448935 462064
782478 2222
1265913 148950
876303 876304
876303 876302
1490402 1490403
1076461 1076462
1076461 1076460
1258916 831048
359356 267005
1079169 1079171
109345 139141
92031 91313
179356 476997
1076463 1076460
1076463 1076461
1076463 1076462
75531 78935
75531 78934
79064 24775
875948 875951
303404 303405
303404 303403
148973 16619
513959 68620
66545 406848
97043 92497
874707 371078
1211871 1115081
93503 93504
837213 82989
89932 89933
68699 419333
868719 868720
33154 163889
462670 307951
58273 67464
77276 82795
1468843 1298787
1494175 347078
1345995 1345996
141617 66501
1072104 1056058
400368 400369
402836 353711
164451 106605
177246 5437
73028 17353
9430 70106
513949 513948
876387 876114
163809 122362
463803 875737
463803 875736
463803 875735
463803 875739
463803 875738
874669 1346240
616522 617370
402257 334806
85691 80477
463751 8684
293133 460111
177315 177317
74611 81667
75050 84654
1139339 1141788
18022 876528
303327 116973
876484 164656
672712 672713
1417784 1417783
768797 32777
526678 526680
179361 179362
210818 769777
1350559 1345801
18062 1346075
876195 876196
876195 876197
526783 367808
141920 141343
141920 141342
1468642 1468643
876510 143537
1468605 1468604
514023 514022
89103 77157
1211872 1212320
513941 513942
750215 214813
419102 373123
32927 266859
82732 88863
167976 131843
1072106 1056058
292273 26079
131843 181083
1350180 1350178
769827 371043
513341 852156
876160 339003
143909 141694
89104 77157
148953 267029
2323 1283167
1345917 1164083
164923 419730
164102 16952
304093 303567
1068508 477633
313431 255402
75414 87498
1116698 68983
1384198 4028
907026 741984
1116906 464775
372805 672728
372805 672727
78934 78935
9137 164451
9137 164452
21252 31808
24776 104395
164432 164431
225489 153905
1211665 1210339
1491189 1491188
103877 323257
372805 178806
95563 83504
565384 695560
71819 91853
163857 163855
218809 763738
72508 1114387
487463 66737
768796 24753
247 37816
875839 714570
1416911 1416910
221565 492637
875833 875834
875833 875835
875833 875832
875833 875831
80069 76897
150244 59261
1448762 1446202
1448762 1446203
1468025 313960
876354 466172
143399 1129083
353705 19732
37656 163593
42230 122523
1491155 1154499
93924 1153687
1166190 19572
1447648 1445555
847463 1058999
142699 144745
699566 221992
1282553 464023
868793 290474
868859 868860
1075975 1075976
77381 83955
159267 542153
445468 830883
1155114 1153595
24784 16968
672728 672719
96837 478557
875951 875947
875951 875949
145975 145974
997103 1156407
1259233 1259234
372688 481712
372688 481713
672715 672717
221804 805683
75899 78202
1155777 824301
1116699 163248
513971 513972
280230 449262
415686 1030887
2501 477018
211010 212972
79955 71570
596329 729715
303949 303947
303949 303948
837210 371209
303378 306499
852157 67464
44182 118217
5455 617708
1351031 1469029
80108 59230
875800 163955
526029 474435
177199 410151
177199 410152
1076463 1076459
514016 514017
876226 876225
23885 543313
39485 1284052
1292217 1292218
1066839 1066840
355334 69096
163955 875801
163955 875802
1153546 379895
164295 148941
164237 142320
1494185 42940
1092 140517
876396 32174
75241 1029461
79339 79340
32927 67587
477002 31094
24746 24716
33430 2685
141113 141114
267117 69654
466008 1107130
617487 237879
137811 1292222
846011 846012
67937 1116908
1040745 1041005
1259227 1488675
17403 146759
60564 33087
20022 1185541
79767 96105
103222 876528
852157 852156
116973 837165
1116699 68983
830883 46717
526117 526118
293635 750347
876014 5417
87433 71986
1468843 1351031
163856 163855
163856 163857
145830 464485
164020 24775
876014 876015
876014 876013
16270 4062
876472 876473
672734 188852
1383875 1031645
876527 876528
148929 148930
303613 303614
139321 140310
1460051 175209
1416383 1416382
514003 135905
304030 304031
181067 165165
73375 59230
209133 210818
165023 163809
1143329 14129
164807 164806
14971 750347
93924 69096
1081615 250087
769859 225512
1448552 1447530
769805 346803
163783 163782
742319 164195
267029 1082056
2535 548388
462064 1448934
1072132 1072131
1072132 1072133
874580 43388
1129253 419052
851945 851946
466008 15122
144981 144980
1325855 1269709
141343 144750
253800 142193
1448464 1104098
1284267 1284264
164923 98188
1383659 361276
163955 464420
1410963 1411549
436390 1212094
528076 106611
164923 24745
876305 876303
876305 876304
464297 3715
372812 1207537
439137 466450
140517 144094
26457 966665
139665 146759
88021 88020
1448464 1450044
1450044 1035112
145139 145138
79102 67105
481680 481679
142193 27536
1073709 1073708
1382873 754596
91016 91017
1447340 1447339
8684 15122
20928 58913
1411036 821724
514003 514004
163888 160668
624155 309148
491591 868356
1458820 227322
24751 212302
1282368 1410939
140019 1346192
140019 66162
1072133 1072131
823831 419052
462064 159708
103877 25677
33262 303457
513944 257585
1116919 146521
1114771 1114770
160462 769921
92003 92004
164020 165144
93451 77555
846009 620920
1165668 375449
71370 71376
309106 282257
75898 78202
143113 875993
1449333 1449332
1244443 835697
179307 5441
49192 3708
1125936 943269
1345701 617487
1416369 642629
1108777 1491371
875891 875892
1077380 1077376
1077380 1077377
141694 139165
38754 139046
526783 526051
876527 103222
141192 339021
304141 1384545
147351 212576
875950 875951
875950 875952
69993 69992
1346390 69252
82732 74553
601871 875926
92462 92463
301501 427991
374579 545396
875681 875682
1079170 1079168
139182 372060
1212712 723498
445565 371819
596339 267147
14570 66737
1346063 100748
178784 672722
526497 526496
1490402 1490401
372608 1219906
747220 747221
1382660 1382661
1384149 60738
1457284 846634
1103419 831035
678357 868992
222752 876277
222752 876275
157196 121994
543292 312884
419526 371163
157196 5460
420406 1382786
369356 868992
618939 301501
1350054 1350055
133673 419206
869064 869063
93451 93452
466181 875905
5440 3715
371208 419075
73375 73725
1166098 321212
144982 144980
89430 71680
1289681 361938
14971 14571
1447654 1447650
344408 160128
67898 370905
244971 250087
371233 371012
100701 337435
1382924 84390
163626 163627
82790 82789
376385 1383347
144658 17526
139182 491591
140081 141247
1383035 1382597
1059955 1211786
513979 513975
266202 2559
115555 40311
122226 845992
874667 250103
462670 15256
163809 5441
561963 830604
1345701 237879
14233 16270
385174 393551
749992 8005
35940 146521
247994 314522
1081576 1389400
1154051 650969
120165 463956
148954 163888
80088 84328
179297 18606
1467348 1467349
1258055 1258054
4402 466116
1155205 459778
32927 830880
32927 830883
32174 430028
876005 46422
135905 163199
464297 32174
122226 36680
542149 1468269
227322 594242
266892 1129083
1218477 1289790
1289650 255402
1045940 420574
750215 214831
876249 25623
24726 44784
851970 851971
1450044 1104098
33263 530530
142275 142274
179307 3715
875935 400369
95563 95564
618369 618940
357993 750347
463904 466393
672738 672737
164195 227322
875949 875947
371171 365298
362742 231868
66828 481696
1488536 1488535
339003 876163
25627 419463
1244786 1258123
303378 372591
876396 38449
875747 440203
1410963 1411550
876396 547988
164371 164372
164371 164373
304068 68974
142055 139858
876248 466393
153906 419687
153906 419688
618939 618369
1450041 1104098
925003 311541
147505 616079
1039967 1041063
615356 290474
1448761 1037127
723314 403048
83806 85704
1447628 1260071
808267 1082175
466172 465949
1076069 1076075
1076069 1076074
1076069 1076071
1076069 1076073
1076069 1076072
1155206 1155205
1345789 1257154
444305 26079
1411303 1411302
303314 303781
72916 72917
106613 121980
418987 1029440
87573 142803
143612 303457
143612 303458
33577 2559
223208 13057
1447629 1260071
146848 146847
146848 146846
750513 16601
164020 79064
875684 875681
875684 875683
875684 875682
934642 214560
346921 1033275
72116 72112
72116 72114
876433 371760
460111 375290
624325 1099402
1289967 1489138
1259310 1259311
393551 334799
875950 875948
875950 875949
875950 875947
1351596 1351597
3712 179344
1068295 1076462
1068295 1076460
231804 1289740
1483194 207043
66496 466008
20022 1219584
16946 1045940
1411021 1416834
439852 571302
876015 876017
876015 876013
1873 122927
250103 179349
143113 1346392
487500 24751
1081692 717340
5417 876016
5417 876013
69946 421909
122523 100407
1416341 1010422
1207481 1207429
1416832 1416834
249337 231868
1081572 1053671
89932 82796
1467589 1467588
32174 3715
1082033 1082258
876131 323795
164925 159993
1446202 1446203
1283445 1411033
1108777 1289790
73356 72114
73356 72116
73356 72117
73356 72112
73356 72113
28245 71680
143447 164102
1490894 1033428
1114266 1114265
1346195 1218699
18022 103222
106595 38778
1495059 113408
996501 1154347
82115 82117
73403 71289
444305 292273
208341 1029658
373185 1345602
852157 513341
1039771 399870
1073711 1070018
949654 1345797
71744 52175
1077377 1077376
164924 164925
26460 139363
1079169 1079170
1350161 1081479
1468843 1469029
876465 876464
874615 303378
1076074 1076072
1076074 1076071
537293 1067656
537293 1067657
145163 139169
1289932 402416
1258243 962182
1411032 1283445
526561 526562
5437 210815
372846 934220
163884 160668
373322 1282086
874718 830943
851816 4537
306499 19729
15262 69084
266202 33623
441205 372695
33638 311541
178784 1389413
72918 72917
72918 72916
1211332 436845
347510 361019
513975 513978
548388 207836
1108984 1108791
106630 106595
875739 875736
875739 875737
875739 875735
875739 875738
418386 526949
68408 74517
547988 38449
876334 868356
875759 876477
876195 162421
74553 88863
139321 142903
876160 876163
876160 876162
1445959 1445958
164154 227521
869310 288901
120165 267268
75446 71745
528076 306499
181069 22939
143612 33262
143113 1345709
947356 255402
1140493 1140494
464297 876396
141311 141313
82861 76914
869192 140491
732131 1081533
95163 1383486
122803 493866
149008 149007
141343 141342
1411615 41904
312648 727411
73375 73724
96900 96898
23566 16270
3251 179306
104684 1417757
753727 297487
436390 1212045
1345684 1345685
513970 513972
2323 1116782
373298 373297
595596 283306
69909 163542
16968 146179
446495 361662
197200 1154259
875933 400369
875933 875934
875933 875936
876472 876114
1410766 1411203
92662 92661
372060 465742
1022166 24966
876439 42830
567804 830604
146622 146623
279735 69369
1448759 1446202
1448759 1446203
465986 16601
140014 79967
464860 463974
72112 139413
19903 15084
66216 163744
66216 163742
66216 163743
66216 163741
164195 874677
11658 147469
1346098 464860
990420 1258968
27090 42249
29843 89103
1065960 569613
164195 1082056
85551 85552
1025339 1289856
361019 5440
1211872 1211871
1154782 417677
143873 565383
869365 38113
303350 514056
208926 1220785
208926 1220784
464022 36452
1068846 1068845
727373 596329
