373279 463923
1476086 199685
465211 465212
465211 465210
371016 145515
1475992 293954
513968 874560
1289999 95136
465023 465024
1289830 225221
1284100 1218972
463751 5441
1476088 199685
1476133 140924
1382708 1383408
1476031 1476032
464780 1282802
349870 112080
876380 876176
464025 464026
464466 464465
373450 1112267
1032584 1218580
140657 140658
1108904 1108903
1269622 1284629
465351 465353
420719 1113812
464916 464917
466371 466372
465210 465212
142253 142250
142253 142251
142253 142252
1383020 1383021
75159 73795
1292092 1292093
371055 371053
1284406 1103436
1218650 1282638
142250 142249
464402 464403
465452 465453
373219 373217
463646 463645
463646 463644
1416917 1416918
299218 1283134
464863 464862
466188 466189
1416572 1416571
464399 464400
618693 1476132
333758 66300
491663 837032
33638 465788
371499 373373
371597 371595
463988 463987
345142 1284588
466409 466410
373400 283126
464996 464995
5425 1284205
95136 1383658
163980 463874
163980 463876
463650 371000
464452 464451
363971 1218697
215141 214372
1284027 1284026
465227 465226
1282714 876176
464909 464910
139490 466108
466209 466208
372388 372389
465733 465734
1218646 1384295
227322 1284257
464677 464679
465051 465049
70111 1284367
371504 371506
324082 463794
186598 513968
371550 371551
876176 1282498
372699 372698
145654 145657
145654 145656
145654 145655
1220471 1220470
371535 371534
371596 371595
371596 371597
465452 1218821
464165 1383117
1282714 373015
36822 80502
372223 123704
465890 465888
465890 465889
372676 851251
1284453 1284449
402140 165146
491663 5425
559419 1108545
1476029 1476030
1284100 1284101
465716 465715
464780 876380
80480 1289786
372824 372823
371758 463719
371077 371075
723529 1476159
214465 464733
147434 402140
1382941 1382586
371716 119385
345142 1283378
372830 372831
1384584 1384585
371887 371888
123704 372224
1283302 372900
194685 490117
465965 465964
5425 1282802
372549 372551
1282714 837032
178809 373131
306765 35940
120165 61788
372275 372274
465051 465050
145579 372614
163330 402140
371562 225690
481710 1218492
89439 41922
372475 37939
1416401 1416400
1155979 1383665
874716 333510
530411 1430739
371135 1284205
463922 463923
463922 463921
27819 373373
54252 371681
465620 465998
465005 465004
702866 294783
373218 373217
373218 373219
1108944 1108784
464076 464074
958464 1282417
140924 68474
1284453 1284450
439788 874531
1220122 371508
1284027 373430
1292371 1276557
1111906 1112071
465271 465270
1155006 1218720
1207594 1114745
1416292 462064
1382610 17691
59224 371024
372778 372299
466408 466409
874591 165146
142249 142252
142249 142251
375444 163331
1283379 1284588
372048 372049
1375701 1289627
5425 1282714
314005 371888
314005 371887
1283112 1283113
372566 371053
466227 466229
465683 465682
75515 464969
66737 1383206
66737 1383205
1282825 1282824
66983 163709
464453 464451
465168 465167
465168 465166
1283872 226496
1240530 1240529
830901 165146
1491249 25623
1218963 212835
464356 465351
371703 371701
371703 371702
93924 164157
1383215 1383731
144736 144735
371702 371701
1228042 874589
1476034 1476033
1476141 1476142
1231171 1384306
1218528 1218687
371351 371352
1416874 1416875
41089 464665
464981 464980
211738 1218995
267474 372707
1282990 1282991
373329 373328
2222 402140
463986 463987
410151 410152
165006 141590
466261 466260
1289779 1258371
372608 372607
466408 466410
464678 464677
464678 464679
145655 145656
145655 145657
1220438 1220217
372178 371452
1284101 1269622
373224 305075
1383906 1383905
372795 24775
1416401 1416402
1384141 390828
464006 464005
143478 143476
465216 371111
464780 837032
158998 164100
139292 372936
1282714 1282802
465456 465552
464467 464465
464467 464466
463921 463923
1282168 1282169
876380 373015
1283362 1080821
352157 653841
463750 463749
146652 371297
1284100 1269622
372049 335238
373187 1116983
5437 874742
465707 464317
371921 371922
371921 371920
466238 466236
145855 145854
83391 1382678
1382680 1382678
35940 465338
373201 373202
373109 373110
466109 139490
464680 464679
464680 464677
1457531 1457233
7785 1283038
464780 373015
145234 142278
1081024 1113812
876380 1282802
465050 465049
837032 876176
1282802 1284205
163631 164616
142252 142251
465039 465038
61786 163709
1476073 1476072
371714 371716
371714 371715
139044 466108
1284014 1284449
372311 344233
1416917 1416916
1416761 41737
464279 464278
1284451 1284014
372824 163231
419195 1289934
1416402 1416400
371135 1282714
1111726 1111727
1292448 550903
464780 1282498
78779 72874
231804 709466
371877 371876
141488 141486
1282656 1282657
371135 876176
102049 1457233
372829 372831
372829 372830
372829 372833
372829 372832
372829 372835
372829 372834
373401 1220470
373401 1220471
1103436 164699
466235 466236
466235 466237
1383623 1384248
466238 466237
414154 458962
144476 144475
372773 372772
464356 465353
186598 874560
1476028 1476029
372388 372391
372312 372311
463751 463749
876380 1282714
466050 464681
78779 92552
1476086 1476087
211506 1282773
1491249 463905
463644 463645
1289743 1289744
876176 1284205
465303 41922
466238 466235
61788 165146
372593 372594
559419 92347
371436 371437
372091 142926
481696 267332
1383831 112080
227322 69050
465551 465456
373410 214372
1218614 371074
1240528 1240529
119385 371715
66983 67587
371135 1282498
1384249 1384248
465025 465024
465025 465023
1383266 1384485
1108793 61786
1258968 1290010
1475945 1475946
1218805 361276
373410 215141
371228 371229
465628 465627
465331 465329
32927 66983
1383682 145527
465333 465329
464780 1284205
372704 372703
1108921 1108922
371135 837032
1282592 1068731
1476106 114720
1383205 1383206
371135 491663
464327 464328
463876 463874
371189 371190
372048 335238
1491254 1491253
372183 372182
1282802 837032
466210 466208
466210 466209
1476133 68474
221804 1384534
464218 464733
338446 372946
338446 372947
1240528 1240530
1282498 373015
709466 1289744
1284452 1284014
1218614 934395
371135 876380
463875 97268
76372 1384360
466323 466322
66999 565383
146582 112080
158998 123043
465639 465637
465639 465638
465479 465480
1258338 96574
1166092 114972
464378 464377
1292381 1291971
372709 372708
1115048 1112465
837032 1284205
372835 372831
1282976 423757
1476043 304431
465042 465041
372276 372275
371076 371075
1112417 559419
1284406 164699
372775 372776
164213 372795
371873 371872
1283872 1283871
87539 466238
87539 466237
87539 466236
87539 466235
143113 144269
465333 465330
465333 465331
32927 163709
1283202 1283203
372744 372745
1476100 1476077
941827 1384360
1218805 213285
463921 373279
1284630 1218972
371135 464780
463986 463988
465352 464356
66999 146144
280499 464889
361474 891738
464243 464244
120165 465647
1284630 1269622
338621 343102
371336 144745
465453 1218821
1382679 83391
372832 372835
372832 372834
372832 372831
372832 372830
372832 372833
491663 1284205
80310 455819
876176 373015
1218944 1061659
372502 464655
371374 371373
464803 464802
819084 1282976
372833 372830
372833 372831
1475779 27819
1382796 1113942
371624 466307
464664 464662
372572 43399
371008 371007
130406 1476032
464906 464907
874522 874534
1220122 1220123
465888 465889
1218740 1475729
1382727 94568
1476028 1476030
464401 464402
464401 464403
465682 465126
372806 372807
372314 372313
371922 371920
1291973 1132981
372782 372783
837032 1282498
463750 5441
465119 465120
465380 465379
1382680 83391
465113 465111
1284452 1284451
373314 373315
1282826 1282825
1282826 1282824
36822 463960
344408 120165
75159 68408
157196 267474
148928 1282548
371638 372299
371077 371076
371305 371306
464348 419173
874669 1382996
372276 372274
465995 140055
463807 463808
463807 463809
1218972 1284629
1382679 1382678
1475729 1410957
1284452 1284450
1284452 1284453
466228 466227
466228 466229
1289907 1289906
213285 361276
33638 371531
1220479 1220471
371092 371093
1284451 1284449
141489 141486
941827 76372
465112 465111
465112 465113
463840 463841
1220616 1220618
1220616 1220617
373414 23163
874521 100748
76183 76184
1416411 462064
372389 372391
464821 332879
199685 1476087
1112366 1112367
371136 371135
42845 464168
371636 371635
1282802 1282498
372946 372947
1476117 1476118
95136 1384005
1283396 1283397
464834 1282417
1111897 165747
464037 464038
465526 1476138
5425 876380
1282720 1282027
143636 463835
420584 20066
1283908 38449
97268 463876
97268 463874
465170 465169
145657 145656
372676 1416878
1284452 1284449
466109 139044
1219014 1219015
352224 146144
464257 41922
466109 466108
491663 1282498
80099 1384571
463989 463988
463989 463986
463989 463987
372835 372830
372835 372833
373015 1284205
466271 466270
48827 1218635
1490848 1490847
465551 465552
1112271 1112270
371499 1475966
1416916 1416918
371135 1282802
114726 1476071
1476088 1476087
1476088 1476086
1218972 1269622
1240267 1240265
1240267 1240266
360412 163631
306765 465338
371714 119385
464452 464453
491663 876380
1111856 1111855
1284101 1218972
73795 68408
97268 163980
54252 464422
372077 372076
344408 61788
463903 463945
465352 465351
465352 465353
463875 463876
463875 463874
68091 21565
464782 464781
465052 465053
1218974 106611
876380 837032
85030 361276
1382679 1382680
1283038 73355
91946 163709
61788 61786
371055 372566
371505 371506
371505 371504
464486 464487
1283398 1283397
464218 214465
1384359 76372
373430 1284026
36822 934647
463875 163980
372834 372833
372834 372831
372834 372830
372834 372835
5425 373015
463905 25623
372390 372391
372523 372566
464075 464074
1283926 1289965
1284450 1284449
1282802 876176
140054 1283202
140054 1283203
466161 466160
465479 466497
304141 1383716
372939 372938
934395 371074
491663 464780
464915 464916
464915 464917
372523 371055
372523 371053
372759 372758
466213 466214
491663 373015
140054 447628
463691 463692
463691 463693
5441 463749
61788 372548
464663 464664
464663 464662
491663 1282714
463809 463808
465166 465167
1220460 1220461
1289714 1289715
1289858 173919
372147 1111712
1220792 1220793
1282714 1282498
1218635 1289823
163231 372823
464912 464913
1292081 398495
465143 465144
372390 372388
372390 372389
1283202 447628
95136 83664
371717 119385
464484 464485
1476117 1476116
360412 164616
371051 371050
372967 372966
463692 463693
464000 1220461
1283396 1283398
371499 1475967
1108885 1108884
464725 464726
464725 464727
465496 465497
886717 393017
372930 372931
837032 373015
1166048 1166049
464780 1282714
141579 465732
372497 372495
491663 876176
1219902 1219903
371716 371715
464588 464589
491663 1282802
231804 1289743
231804 1289744
371663 371664
477036 1289666
85030 1284435
371227 371229
1155791 1289883
371758 371757
142428 146171
2222 163330
27819 371499
1384564 1384565
464728 462064
1220617 1220618
372496 372495
372496 372497
1289953 145527
373400 373399
876380 1284205
370978 370977
464888 280499
1289954 1289953
146565 146566
372061 372062
876380 1282498
5425 876176
214372 99849
371727 371726
1283203 447628
465323 465324
465802 465803
373362 225483
1383159 569337
1289743 709466
61786 91946
372597 372596
1430716 1430715
164213 24775
466237 466236
1416292 464728
1108545 92347
941827 1384359
1289886 313063
140216 36452
2222 147434
1284497 1284498
372175 372174
465683 465126
345142 1283379
59243 372695
1283378 1284588
371839 25563
371637 371638
464076 464075
143113 152355
145856 145855
145856 145854
464206 141301
371428 371429
361276 1284435
1476118 1476116
464892 445429
1283113 372174
226496 1283871
1475967 1475966
373417 373418
1218500 1218501
1384089 1029440
371530 371529
1289892 1289893
371452 371453
371135 373015
1283112 372174
463922 373279
371135 5425
372505 371714
5425 1282498
141488 141489
2556 16898
70449 371637
70449 371638
371717 371716
371717 371714
371717 371715
464678 464680
464727 464726
639820 1218920
466018 466019
464911 464912
464911 464913
326858 522354
464234 464233
463717 463718
1289905 1289906
1289905 1289907
24753 69558
402140 33008
465330 465331
464888 464889
144734 144736
144734 144735
371224 372236
1476058 1476059
1218740 1410957
5425 837032
372550 372551
372595 372594
372595 372593
1289937 1289938
1383407 743488
1207690 1207691
465332 465331
465332 465330
465332 465333
1289954 145527
830979 1218734
819084 423757
463653 463652
142141 142178
1416403 1416404
7785 73355
1218499 1218500
1218499 1218501
464468 464465
464468 464467
464468 464466
48827 1289823
139490 139044
373399 283126
371227 371228
353717 373387
465489 465488
1416909 1416908
1282498 1284205
465490 465488
465490 465489
1220460 464000
1240266 1240265
1384249 1383623
1384497 1384496
1289762 1218646
1475877 1475878
147434 163330
1282899 1282900
1218607 1218735
1283378 1283379
1383932 1383931
464780 876176
934100 1155296
371213 371211
851251 1416878
1112417 92347
465330 465329
141487 141486
141487 141488
141487 141489
371261 371260
465637 465638
1457531 102049
142253 142249
1384359 1384360
1112417 1108545
372550 372549
5425 464780
1220123 371508
152355 144269
1383800 1382726
465332 465329
1276814 1291970
142250 142251
142250 142252
463751 463750
1284451 1284453
1284451 1284450
1282714 1284205
371638 372778
372223 372224
1284014 1284453
1284014 1284450
371212 371213
371212 371211
1227617 876586
1284630 1284629
1282802 373015
1283978 993347
