1457523 1457524
1218750 1218748
1218750 1218749
464724 371175
372687 1218596
1289784 1166187
1289677 1166187
372690 373361
13878 1457348
1289711 1289712
1218457 1218456
1218712 1218713
1289784 1289677
1218508 1218767
1218487 1218488
371644 36269
1218747 1218749
1383464 801198
1166123 1218457
1218830 373056
1382900 1382899
1166123 1218456
1218521 35862
1218829 373056
371000 1218769
1218830 1218829
837203 1218479
1218747 1218748
760698 1218592
165006 622592
297981 1218555
1114398 967833
1108545 92347
1218748 1218749
1218702 1218701
1289870 248273
462100 1218747
462100 1218748
462100 1218749
1383446 1383447
1457617 1218908
462100 1218750
1218750 1218747
1457349 1457350
