727269 874742
950544 487042
837130 1410771
32827 373319
1112240 1112241
1111886 447128
58316 361276
164284 465347
93199 73432
372685 371950
1112251 1112252
142430 142431
66528 464971
463761 465172
463761 465175
463761 465174
463939 464689
548387 372685
464086 464088
465849 465853
465849 465852
465849 465850
445613 372548
1114398 1383216
1475845 226661
1282654 463811
465452 465453
123704 234113
41088 36810
465582 465583
548389 107236
386179 7366
465173 379855
371189 464178
371189 464179
171512 1260162
106611 225690
877414 1282726
464795 464794
1383331 1383332
1490578 97723
460111 830926
227538 71386
333758 66300
143285 143286
179372 234113
254610 106630
1282171 32372
410106 59243
49008 371950
71386 372858
146220 146219
464033 464032
1112240 447128
1384374 95136
142430 142428
517188 1282392
463788 463789
1383128 650969
795846 1282379
465175 379855
95136 1383658
372685 49008
143456 143458
75404 1114934
163477 41922
465425 323812
1112317 115515
465669 465670
1218895 122362
1411021 1416411
1416420 462064
1113942 1115233
1112240 373450
106611 144052
851849 851848
548382 548385
548382 49008
1410844 342854
179372 27987
465624 465623
1114182 1476098
465852 465850
464165 1383117
1383780 1490530
139977 144499
141982 141981
465173 463761
142114 371951
373318 371950
402140 165146
465432 465431
372504 464639
464177 371189
266832 851878
222216 1112422
465908 164213
214465 464733
1111818 314529
1411368 1411367
877414 444054
1410823 1410821
465492 38449
1111886 1111785
211738 934778
1384211 1383900
163248 333758
238166 1411235
463631 463632
1411152 69252
303968 372617
1476063 1476064
120165 61788
1289873 1289872
141521 141520
1382810 257717
1207514 573810
30038 303474
371776 1476054
164616 464630
14116 1292617
1218740 266622
1383623 1384230
1383623 1384231
465410 465412
375444 225489
1281894 1282604
241181 1382726
372502 464639
165146 372548
179372 346653
463630 463862
1411314 1411313
1283352 1283353
958464 1282417
1107790 314529
346653 234113
71386 1111811
1164333 1384225
723529 1476041
874591 165146
465492 465494
466036 466035
5429 548385
372858 445772
787393 1383170
371514 1282516
1289873 1114266
372685 373319
1383309 569468
1383607 21565
304431 1476153
465425 303568
66983 163709
344502 445526
163631 464630
1384279 1029440
1457261 876159
5429 373318
5429 373319
830901 165146
1166141 463819
223150 463811
164166 146070
174479 402829
1383622 1384231
1383622 1384230
464097 465498
90218 1289934
1218669 68032
1383780 1490529
852097 164828
146622 845994
304141 433593
1430793 1430795
1430793 1430791
877414 1282725
464827 160342
66828 267332
1220005 1220006
1383880 1116502
1114182 1114619
1383633 1383634
1384060 98256
1289903 96574
212015 58473
1416297 110350
1475844 1475846
1411020 1282348
548386 548387
464588 1284462
1283804 505075
1411493 1411494
1346388 66300
303568 323812
548382 373318
548382 373319
344502 464758
1411021 1416420
1384169 1155862
75159 155904
1107790 372858
372685 373318
464827 464826
1111785 1112241
466217 70538
992983 1112372
1284432 1284433
464087 464088
464087 464089
465214 465215
465214 465213
444305 254134
1107790 71386
1383622 1383623
1490199 1491379
12344 769894
1079649 1114857
227322 122362
465774 465579
213896 372548
1430544 702385
314529 372858
1289999 66737
795846 1411229
36810 38449
333617 465018
142278 142279
624183 874736
1476036 1476035
163631 164616
464230 465381
464745 464746
464745 464747
1410797 1410799
314529 445772
120165 225512
373146 373147
764385 402837
1411294 1411536
1476073 1476072
1281920 1283775
282257 1282379
379855 465174
1476151 1476153
371805 373319
373318 373319
142429 142431
142429 142430
1111817 1111811
1384212 1289993
465851 465852
419195 1289934
1113773 1113772
464476 464475
874669 46658
1383332 1114266
371434 24786
463912 463911
78779 72874
947356 1289673
1055456 97021
143014 146582
254610 213846
1495933 32372
1490331 1490330
1430792 1430791
373368 420666
548382 371805
874631 152951
1111811 445772
566737 75455
144052 225690
373410 1260078
373410 1260077
208449 992974
1112007 1111712
266622 1410957
13987 1292124
36810 465494
36810 465491
36810 465493
465173 465174
465173 465175
465173 465172
465173 465171
213896 445613
465399 465398
346653 123704
1283172 1282348
1108430 447128
807311 876176
1166123 424146
463862 463631
463862 463632
338381 1115599
465492 465491
140854 146219
465860 1258003
1284043 463738
225483 464232
1111886 1112240
1111886 1112241
1476127 464418
1111817 71386
256877 1382726
142429 142428
4950 141341
373318 548385
61788 165146
27987 346653
142428 142431
1283699 1283698
1383128 1383127
1411021 462064
465690 465691
49008 371137
131892 31094
1283154 1283698
372088 124162
372685 371137
571247 1292271
763010 763738
1219750 1219751
1410821 1410822
1282976 1282975
1490530 1490529
78939 1282098
1383860 1383861
179372 123704
795846 282257
464299 464300
1282654 223150
768854 1289812
1111886 1111817
4465 702342
20062 215704
32927 66983
227322 1218895
1112240 1112239
1383749 1030973
603462 1476098
465491 465494
465175 465174
466145 466144
1111886 1112239
49008 371005
1289651 1154259
145919 145918
82790 1108752
920462 371240
463630 463631
1289739 400479
225483 555511
145919 141724
41088 38449
371278 97723
464089 464088
1289934 71655
1475819 1410957
650969 1383127
464218 464733
548382 371137
1384398 1384397
141724 139871
187436 1430500
934100 600804
212015 874616
1108865 243317
1108865 243318
1430492 1430491
1282418 1282827
39971 464729
1282575 1282576
1289673 313431
1383331 1114266
36810 465492
1258338 96574
372572 143475
530506 1030411
464231 464230
463878 463877
465171 463761
1220110 1220109
1111818 1111811
1111818 1111817
464177 464178
464177 464179
1384435 1384436
371340 465974
1382627 76184
371950 373319
465676 89945
1112459 1029486
465839 569468
32927 163709
1111887 1111817
372504 372502
465851 465849
66999 306133
1259498 257717
165006 139738
1384357 1384356
548392 32827
1112040 1111712
1289903 1258338
1490332 1490331
1490332 1490330
1490332 1490334
464086 464089
1457276 1457250
464919 464920
303377 464729
139503 143633
1112401 227171
187436 373000
548382 371005
140257 146582
173919 1115004
548382 5429
371776 304431
465493 465491
465493 465494
1457512 1292073
303311 464688
466217 466216
465215 465213
356664 465594
1283685 346653
1112239 1112241
1283154 464779
33008 445613
227322 702342
1282909 1283804
465579 465623
1382813 708386
463913 463912
463913 463911
464177 464180
27987 1283685
1475779 27819
1476151 304431
227322 465205
146633 306133
372572 43399
1476069 175624
463731 463732
140854 146220
1290006 95136
1411195 372566
1382727 94568
1111989 907106
314529 1111811
465851 465853
465851 465850
464889 465623
1371677 1411370
1283685 123704
28057 361276
93023 1384398
93023 1384397
344408 120165
1475844 226661
266622 1475819
2556 1394261
84390 1384427
1490578 371278
227538 314529
1107790 1111817
1107790 1111811
992999 163985
1283685 234113
372685 371005
1475846 226661
1383661 934100
464918 464919
1383420 1383421
464859 256714
465993 303240
1384129 1289638
463755 371801
375444 323478
1410949 723459
1079649 334428
1207515 1207514
145726 141646
1366640 1476094
163792 144052
1476038 876259
1282666 1282721
419195 90218
139412 72112
371790 1490784
702328 702327
143475 43399
1289938 420406
217417 70538
70538 466216
1292628 1292294
1490952 1490953
146173 146172
463837 463838
465592 465593
753837 1416419
76183 76184
1416411 462064
371137 371950
830948 830947
14116 13878
144221 144220
445492 267108
208178 371784
372993 120165
1218778 1218779
41088 465494
41088 465493
41088 465492
41088 465491
30038 466265
371805 548385
465411 465412
465411 465410
1292246 1292245
1410796 1410799
548392 373319
144330 624340
334428 1114857
1292620 1292619
1383900 1289673
465624 464889
1260077 1260078
78225 788129
1410874 1410875
1476114 1476113
1281917 1283477
373318 371805
463630 463632
775413 465647
164284 136585
1283351 1283352
1283351 1283353
33008 372548
1111817 372858
1475988 1475989
1284462 464589
1153999 88462
94865 143633
1114053 92347
372685 548382
199832 144230
1259337 217625
464180 464178
464180 464179
371137 373318
371137 373319
464179 464178
27987 123704
1283926 1283367
42899 466478
444054 1282726
548382 371950
1114266 1289872
465673 465672
1382727 1289638
1475845 1475846
474471 1112092
371278 1490579
465172 465175
465172 465174
1153693 1476124
465019 465018
373450 447128
372093 433268
1476151 1476054
464788 465907
465853 465850
465853 465852
1384061 1384060
767778 238313
344408 61788
373318 371005
179372 1283685
27987 234113
61788 61786
1476077 1476076
142193 1289717
1476145 1476144
1113874 1113873
464087 464086
464218 214465
1495933 1282171
70355 371335
1411229 1282379
1284498 1204228
143032 143031
410159 3715
749888 1416257
227322 1282488
1111818 372858
420406 569643
1111886 1108430
1410959 1410958
241181 256877
208178 1218838
1218836 372616
464525 465608
465172 379855
464859 464860
464889 465579
808014 754523
4465 227322
1111818 445772
420584 433593
1002908 419786
303377 39971
754726 717340
89945 139141
1382760 85030
465773 465579
1033365 1218580
1111811 372858
140216 254035
128118 372858
371950 371951
464918 464920
465908 24775
371950 142114
1111817 447128
464779 1283698
1476054 1476153
1024443 1024474
1430795 1430791
112080 464635
141062 465398
144330 19729
217417 466216
1410796 1410798
464231 465381
465493 38449
886717 393017
466038 466037
27819 1282107
1111817 445772
548386 372685
106630 213846
465494 38449
1283699 1283154
214087 1141822
1384211 1289673
147414 1411034
766420 1382603
141981 66373
463766 463767
1289857 313431
464855 464856
465346 164284
858465 1345855
1410798 1410799
75159 1113959
303271 420666
1111818 71386
1111922 1111921
1411020 1283172
1490331 1490334
464588 464589
702517 147467
1282725 1282726
1112241 447128
103877 323257
1207515 573810
734281 1284300
1476141 1490643
464746 464747
465624 465579
1088020 1490365
958464 147467
333617 465019
1218476 68032
145918 141724
548385 373319
163792 225690
419767 465907
1108777 1108925
1112241 373450
139164 139163
372523 419786
466478 465738
44182 1218495
94568 1289638
624325 42377
1112239 373450
1218740 1475819
1111887 447128
372597 372596
624340 19729
1292487 764385
464758 445526
338446 465837
144500 144499
1490951 1490953
1430792 1430793
1430792 1430795
1430792 1430794
164213 24775
463761 379855
1108880 1108879
36615 71370
1111817 314529
165006 1494201
1476049 1476050
465626 465625
140216 36452
1416680 1416503
1475862 1475863
464813 46658
371950 371005
5429 371805
213896 33008
1112239 447128
163248 66300
1218614 371225
1111785 1112239
1114182 1289909
195886 465269
1416411 1416420
243317 243318
466217 217417
1289804 1289673
463649 372597
463649 372596
1490952 1490951
603462 1114182
372507 1218492
196873 1114726
27805 3708
227538 372858
917214 372312
1282909 505075
1410797 1410796
1410797 1410798
1163582 1104815
1490578 1490579
1383135 1382726
250035 488906
75404 1476074
1111886 1111887
444471 1281405
140905 11680
255884 466177
371119 372591
1111886 373450
690114 304408
1490333 1490330
1490333 1490331
1490333 1490332
1490333 1490334
463863 463632
463863 463631
463863 463630
1490334 1490330
371137 371005
144500 139977
1410823 1410822
372523 1002908
71386 445772
420584 304141
1383035 1382597
1383025 1383024
1218838 371784
1107790 445772
465492 465493
1292487 402837
466224 466225
140257 143014
1218740 1410957
227171 1112125
42899 465738
1384007 66737
465676 139141
66828 481696
1093083 1166169
141982 66373
1112317 1111907
1283671 1283670
1111785 447128
1107790 1111818
375296 465609
465491 38449
139490 139044
785440 1207496
1384351 1104815
1111907 115515
465171 465172
465171 465174
465171 465175
1476148 1153635
49008 373318
49008 373319
464165 1289908
321347 1457250
1384061 98256
464180 371189
1218974 481652
160342 464826
463863 463862
66999 146633
1384231 1384230
465346 465347
94865 139503
371005 373319
1430500 373000
465773 465774
141062 465399
463756 463757
227538 1111817
227538 1111811
227538 1111818
1112417 92347
444054 1282725
143457 143458
143457 143456
1284032 16612
1476139 1476140
227538 1107790
163792 106611
465171 379855
227538 445772
233554 493259
1112240 1111785
1111887 1108430
1283699 464779
303271 373368
419767 464788
1111817 1108430
530840 614825
1475816 1218634
465873 372925
1111785 373450
314529 71386
1430794 1430793
1430794 1430791
1430794 1430795
13878 1292617
231301 164221
97723 1490579
196873 1114602
1476054 304431
1475845 1475844
