3477 274986
1002895 65885
934162 171870
131549 372300
33624 402480
179349 250053
25592 433593
715390 9932
1350421 1350422
1082202 1082201
21252 1002885
1448204 1446191
141430 141429
1451466 77642
123094 437291
371730 463775
163229 852136
285682 1155814
1246501 1030631
42628 24736
59088 122093
210945 10351
33392 1284344
1389690 1389691
155301 371494
155301 371495
3716 67620
463751 536301
1116603 1116604
1411614 337545
115649 706837
1451466 1451462
1451466 1451464
525968 381130
1292055 186475
251314 123094
17403 303966
463751 5441
868231 27536
1350664 312372
79340 1166173
80502 1260131
80502 1260130
45333 163629
419756 419688
1211511 1211510
1068186 1068189
1068186 1068185
1068186 1068183
303681 1219631
16270 211418
2710 1423035
746854 143173
402227 402829
144838 145329
868905 464216
141211 141210
1212291 179341
371645 371646
371645 371647
120165 727245
525964 273786
68221 66749
67284 769803
1447852 1446191
372099 234113
619074 100713
1350546 1350548
2482 21201
59261 213846
4824 8049
214362 464012
67161 164040
526037 526038
463695 303966
66526 934936
750165 513993
1450383 749329
464461 618600
1346203 1346205
163504 1359336
66526 212817
538948 1431039
1451030 496001
69619 2323
1346324 1346323
14256 616672
267005 775260
346034 795823
304338 66047
5763 4824
1258858 1153107
996147 1088238
145328 145329
1468942 1468940
284726 1113812
1457619 67220
214362 171870
147347 1430762
1467922 802102
172177 211400
465612 859216
1411433 1488656
1411433 1488657
356678 356676
356678 356675
356678 356674
372520 934175
527122 527265
164195 267029
1467867 1411040
165059 113077
164168 164165
164168 164167
199832 934310
373454 36680
301504 301503
371319 148928
285682 1155815
49783 157473
1346009 69096
140517 142389
163623 24772
211010 212295
27767 624206
174210 338425
429038 1458769
464454 214372
165144 1107249
142470 141342
100404 311492
528076 1129083
16619 477058
800738 105910
445584 481652
163965 48731
1155576 1153694
1081419 1259388
463942 463941
463942 463940
303327 419206
122226 373454
122226 373455
68221 24759
119421 1284632
164993 148942
141864 141201
372099 346653
1342490 1342489
851598 164880
141527 66737
141527 66739
17129 165146
934712 211715
1019903 265226
24772 164699
614784 614783
1068662 1068667
1068662 1068663
1292294 1292293
1382912 1382911
715436 71784
360781 464195
68038 4502
59224 58900
7422 171535
1260129 115649
464323 466116
79967 144461
934102 1104098
140929 140928
25621 465986
252476 1521632
420234 826090
1258205 1423096
464324 464323
934102 1447218
545214 113640
250068 428204
1345967 963809
1423010 439516
963809 1345968
372303 301502
106747 106707
17403 419244
1107286 1259754
337448 35314
1188271 1416395
15121 934146
164036 164039
465612 1351495
35940 209453
154512 38778
4402 42534
419767 715442
162539 1323696
559352 372637
33008 40553
614612 246993
372251 372252
372251 372254
372251 372255
372251 372256
934227 934226
513381 122093
211242 128145
502422 1081529
344408 1081527
463694 463696
66528 91079
831048 1187619
66737 1259498
8571 146618
163783 59114
464837 464835
1430546 1430547
594519 313771
875719 717340
142469 141343
164154 164153
120165 547334
1389392 566626
32866 934998
66501 419141
1410909 1410901
215406 122093
13119 1116507
282164 33276
163345 163343
140690 146620
163593 346034
526893 2224
163258 143907
18178 47222
526042 526041
526042 526040
526042 526043
163784 163783
163784 163782
464748 464749
45703 356656
33046 15226
66528 163782
464340 33262
862352 1073762
1258239 1031287
616093 618349
1155792 141527
1208618 90388
1260128 706837
164898 16968
66415 179341
525968 494270
148954 267005
1154302 42959
1389624 198895
463695 463694
419173 748332
252206 252318
17106 43399
105932 179370
1416786 233021
526731 363827
1449181 1449178
70340 466220
1322627 1450004
465068 1411360
165059 141415
418969 464853
93924 267474
140382 141778
59224 1260130
59224 1260131
419405 303682
252401 252318
869412 67024
14772 214764
140216 27014
1075339 98104
371321 360650
48827 59238
1211952 1211951
301415 63635
995232 1266074
1521598 144461
526824 526465
419545 1116526
934079 934080
1345532 112080
1467629 1467628
69441 747437
513381 59088
59198 465729
118501 1082187
614620 128035
211400 934762
79255 67200
371638 373067
418969 174210
934089 5816
791824 215389
1450383 1450382
935070 386338
122093 49190
2710 79662
1449181 1449180
934395 148933
567804 17129
113199 112184
465579 465576
465579 465578
1467787 1467786
106584 906921
463889 86840
851731 851732
851731 851730
177199 33046
1282999 1411301
372203 371686
39971 1284389
18601 162564
161355 729212
215406 49190
136836 1351954
77642 1451462
77642 1451463
399935 399936
44525 1155179
1211331 436845
1351200 192118
526041 526039
61786 114157
323246 225512
58878 122093
226113 70021
153906 419756
464339 464338
373203 372247
1129369 885448
163626 40952
1075340 1075339
1092 465473
592659 147446
368937 465224
72032 71567
595421 617123
1112462 702760
1448364 1448363
935009 213285
1207441 1207418
212519 775424
359961 43553
875859 353718
1113930 1114770
1113930 1114771
302235 1155934
163782 25361
163804 163805
1116850 164813
212519 58900
122093 775424
559596 234125
140257 67228
769797 120165
159331 1154322
172174 427596
609383 650969
58900 775424
143447 100404
139413 1116603
1064170 280935
37065 1521632
211010 464454
702760 702743
2372 173642
796327 269406
814143 1154209
1431038 1345645
1475787 372482
1350546 1350547
225055 155415
1260131 83953
210874 59224
526824 526825
1213326 1213325
445583 481652
164166 164168
164166 164167
164166 164165
464989 464991
464989 464990
439931 1031098
1068185 1068189
547922 596329
3711 5430
164518 934175
372230 372229
851883 24790
115942 885448
1346233 373020
699566 445613
769805 347481
214362 18446
91079 281018
465237 465238
465237 465239
373471 167911
371627 371628
457575 367894
1451030 1451028
119421 1446058
119421 1446059
1448018 1284632
1451462 1451465
372099 372098
16596 181067
250041 93912
1107249 729212
39992 281013
1346009 93924
372231 372229
35688 907076
409006 1113888
140690 146619
140690 146618
140216 164981
140216 164982
164518 372520
977061 44625
464748 464750
464748 464751
49783 874591
538948 1431038
66528 80502
808014 1346151
371730 164638
163782 59114
571365 1468448
303658 303659
164167 164165
1451016 1411067
372100 234113
934837 934839
80502 91079
1154964 93924
163958 24746
17403 466218
17403 466219
775442 547387
163356 163357
868845 355205
1459814 44784
141172 142470
1341788 1001773
373131 411604
59224 122093
875859 875860
624300 398553
149165 65885
143505 143503
143505 143504
1034453 1351939
1034453 1351938
373455 36680
80502 1260128
1070268 1350356
26025 1030640
372975 934698
1290156 1468424
84241 160588
1248525 1451462
27407 82989
907063 371841
164806 164805
17403 465767
177249 360791
1383415 164191
547671 1381104
1391090 1475787
145327 123716
68906 332810
4502 373434
371625 371626
1290029 1155197
356657 1411067
1030578 1154499
477025 727433
402257 145256
18570 907128
280412 248110
1081728 1082165
906921 250059
148933 935113
40816 152993
214362 211570
163809 179307
16130 163944
1258792 1258040
748277 748276
163209 222176
526229 526071
75446 1384178
18062 140216
463896 139320
527124 527122
1483066 1483067
934100 1345988
538948 1345645
372244 372241
160668 729212
371423 165165
1410960 106581
464494 24794
323228 775442
323228 775441
996563 868370
68831 19903
1416826 1416827
375444 225489
1166082 1166081
58878 49190
1064044 949734
372242 372241
372242 372244
106579 164794
614611 530840
58466 252401
371068 851669
1040888 457186
349411 82522
140234 225489
402194 292402
142079 141341
680798 1218678
464339 68949
1067182 1067185
1067182 1067184
210818 210813
934105 457575
147392 378085
215141 775424
61433 278477
164036 164033
164036 164037
164036 164035
1035112 934102
140804 20314
1260128 83953
371844 371845
65999 22106
59224 215141
75159 96548
1450060 1284632
1114867 1114868
871516 1053671
1260128 115649
868370 769818
346653 234113
215406 505075
163782 215406
66827 727245
466167 466168
778410 1114086
303728 303727
1363217 353918
168518 284977
210874 163782
140216 465632
211715 934967
536301 8684
513993 934967
23316 1522167
164034 67161
84062 91079
70074 61433
1154528 406474
1345901 1345589
371166 372803
372756 164866
372756 164867
465860 40996
59224 1260128
164137 250059
837156 837155
1522168 23316
831063 109345
304338 224813
142441 366339
1494239 1494238
934837 934838
18445 858685
525967 273786
210760 372345
163955 372408
465204 465203
1155150 1155152
1155150 1155151
1351496 1351495
1351496 1351494
300479 1468558
163211 27879
1345848 1166094
576423 903461
934089 254158
372231 372230
1346417 69619
1389411 1389412
874591 165146
16596 699566
1382945 99798
145100 1284669
875802 1495923
1383667 1108156
143380 143383
143380 143381
538948 1431040
618562 147455
1037127 1448760
353718 875860
1258820 1258819
1064190 1064189
381130 494270
372441 372440
702517 831063
1345882 1346203
1345882 1346205
1258392 831048
67161 164039
67161 164033
67161 164037
67161 164035
83953 58900
410152 33046
1067865 1212790
146620 8571
318332 211506
1127780 372291
1218641 1033732
1448464 934102
66528 84062
1035112 1104098
323257 30681
164310 155299
181069 60609
163782 466021
18601 4062
1350160 1081479
1458826 33104
1068664 1068663
1068664 1068662
1068664 1068667
1068664 1068666
614738 614737
211738 254158
2556 356688
145844 141201
1064190 1064090
25621 749808
344408 547334
42799 27518
67161 164036
238763 214813
213410 616405
550119 1166088
164037 164040
894573 1107286
356684 32827
465442 465440
373068 373067
164923 67349
1081692 457186
1072485 1072483
1072485 1072484
372256 372255
73956 1382770
1154769 1154771
1154769 1154770
1154769 1154772
110412 112184
1260130 58900
464022 110924
68949 33262
372093 1346001
1155937 201958
1064153 45517
4402 464705
1081707 85914
934106 367894
464750 464749
163209 163210
1033094 1033097
356688 356686
309017 278477
163808 163809
179310 214813
63635 133828
164034 164040
934867 934868
1248525 77642
1062648 1491100
67845 1495869
934108 367894
164699 24775
464012 18446
463752 1220196
464656 851640
165213 66679
373041 373040
508145 1259384
123716 145329
130406 211242
95136 1113834
142469 141172
161355 160668
464023 463956
18601 124190
1346386 303950
59224 775424
163782 775424
347128 70160
996557 1351968
76562 73028
30681 373136
1033185 1081561
266825 67587
1293567 346921
830895 214813
32089 402078
67273 1081527
1411166 423921
875719 662744
252476 37065
176319 346557
464989 464992
463704 465360
338621 198895
3712 887889
1446639 1446191
1449179 1449181
845861 596428
66665 149245
463752 463753
372615 1128113
2328 109382
314157 356685
17972 106598
48283 464197
32927 32779
211010 214372
1381104 41811
163505 164805
163505 164807
1154772 1154771
1035112 1447218
4502 254134
624160 624161
1346239 1289777
749752 371199
7142 616672
147482 571248
163759 163944
66828 267332
141724 143503
466094 466095
172174 420346
114767 303966
1081692 464776
1127699 346034
79967 1521598
163955 40746
1346323 77617
1259429 1258858
1482819 570850
46880 15084
410151 410152
371877 1258619
868906 464216
446495 1467628
525969 381130
100476 715413
143880 143881
371525 371524
1064190 1289768
1029709 40996
171870 18446
146631 146632
1155150 1155149
793605 362491
134688 1345702
27805 14233
1155096 1155098
452279 1258095
108467 81785
37278 1108447
356684 314157
356674 356675
150244 213846
142320 464843
213412 214465
163344 163343
163344 163345
894573 1259754
130406 934220
42534 466116
147392 177319
145100 1284670
464340 464338
1346324 77617
934105 934106
40192 615521
371630 371627
372044 460021
702760 1112461
1019898 448993
1112095 1112096
899575 899576
1258247 1258246
42799 69590
59519 602951
1468081 1468080
68660 212821
273581 401941
372252 372255
44369 4303
1345681 500675
84062 1260130
84062 1260131
477008 32964
1125444 445429
1030578 387416
33392 5441
487463 1259498
145327 145328
145327 145329
70340 466219
66739 1345939
147434 68032
1345645 1431039
526040 526043
526040 526041
2556 356687
2556 356686
68038 463888
68038 463889
214362 934162
179315 70129
372260 372259
133684 164221
525964 525966
525964 525965
270433 614755
106582 12976
163811 24712
149155 616756
303545 303544
303545 303546
99988 775298
536301 15122
1211674 692709
25592 82073
346214 210818
347128 18445
1113812 788017
1351976 1351977
1154769 1154768
592659 171869
281194 992999
265226 1019902
119421 1448018
80502 83953
461990 509548
98256 1384389
347510 571247
259601 1155604
259601 1155603
1469032 1469031
763671 961965
96795 213613
160357 181086
934421 213285
420671 142803
32788 32785
250041 372520
33392 3715
1410928 1410929
371423 68831
381130 525966
67349 66964
851887 851886
21939 372111
140014 140015
1029631 2873
356670 356671
410151 33046
64457 46880
6999 1114868
6999 1114867
211010 18178
303966 463696
1260131 58900
109345 358383
144927 140597
1068183 1068189
465706 465705
16968 66385
372281 372280
1031098 267089
1350423 1350421
1351494 1351495
715436 506305
225483 496968
58878 215406
677695 69619
164195 67273
373216 373215
163784 481714
385687 1292147
1451463 1451465
164668 164667
1100 266782
7517 420541
624140 907130
164311 155299
165059 172535
361276 885466
66528 214813
775441 547387
1282288 1282289
851730 851732
76713 934425
42799 30756
333295 79769
32827 314157
472237 458410
199844 372949
211738 934088
372781 165062
1154772 1154768
1345571 1292279
465365 465364
4950 459773
1155723 708805
1345589 65905
1105071 302235
465440 66387
66526 152993
40228 1482923
18565 18564
107338 137653
164102 147467
1521617 100404
1114969 1114387
769818 33238
464992 464991
464992 464990
164437 1468053
1448253 1446500
93924 170816
59224 59114
393551 934425
1068045 1068705
1068045 1068704
373433 373434
1345680 1345681
221819 281013
142503 142504
83953 91079
141920 142469
1384191 730302
210874 775424
75159 145519
1490240 1155964
1342464 1342465
464022 466481
163627 303869
679299 463738
1037804 18550
372552 372553
370965 1115
24774 164616
934107 367894
27805 1526398
373433 68038
66528 58900
309108 679307
353706 1258015
146100 146101
164038 164039
1449178 1449180
68221 1346000
75090 526893
1067826 1067825
1351939 1072757
1244549 1244241
15643 1451619
466344 68004
371661 1282569
143880 139782
321544 321296
1447502 1351968
225055 481673
373249 106707
70074 309017
527733 527735
371172 820
1258251 1103700
17403 466220
876906 22102
1389399 1389466
1389399 1389467
727245 402140
934107 934105
39971 36452
934522 934524
934522 934523
614656 614758
284726 1204755
1345631 97073
280935 901928
252222 252221
147446 934078
147446 934079
496126 1258205
16130 163759
463703 465360
1346204 961965
2556 418975
1115156 267412
61788 46880
142664 112080
66528 775424
934089 211738
935120 214621
513940 45703
5441 3715
128360 163829
525965 381130
274986 1155179
1039709 1258891
1350665 312372
69626 33623
1155873 285126
371225 371527
1068187 1068189
1154771 1154768
147447 171869
1258820 1258444
273114 445613
1459597 145780
163626 303869
67587 1595
1346286 324309
699566 181067
373067 5378
66665 3708
61788 15084
66827 145256
463694 303966
304338 180697
1350572 1350571
1350572 1350573
463751 15122
526173 91087
1155964 581285
2556 346677
1033094 1033093
1245224 1003973
65905 1345590
140624 140625
600140 1383090
60482 372781
614627 614628
1449104 1062387
463695 463696
303680 303679
1411040 1467866
702517 358383
953754 66999
935037 211648
143463 1559
3477 44525
573811 573810
1342548 1082090
80502 115649
372204 371686
44369 1495816
477036 402770
4402 464323
99899 1166119
115942 1129369
934443 676941
747590 419101
65446 40553
18603 1166088
338381 465466
25621 16601
106595 154512
344408 67273
16946 1258968
179370 402685
96837 402448
147446 171869
1448311 1448310
164518 250041
30904 33379
157473 10176
526037 336513
1139363 17217
1490354 109339
1345571 145780
1283833 145256
164868 164867
177289 371890
3477 1155179
1351496 465612
211010 139109
1154534 1155934
900089 1207708
66528 934936
1039842 1039515
1292663 1292664
145158 618349
613019 418947
419300 66248
32866 177195
163965 42482
514004 135905
1411206 1004254
110924 466481
141415 366339
221804 458869
66737 918236
33596 301247
114936 140403
465001 465002
209060 464551
67228 1113726
19572 68408
1451646 907121
464452 465953
878361 1068985
878361 1068984
934395 935113
106630 38778
525968 273786
775442 775441
536245 928304
26025 423947
1350423 1350422
309017 75439
1259444 1259442
191761 306499
372056 37786
141920 142470
27805 32779
677695 2323
27805 727237
16270 14586
664437 1468200
952638 99798
934089 466172
155395 715412
934097 934098
934097 934099
36452 371806
58814 141420
113199 110412
1451016 268077
165059 682395
934089 934088
505964 830943
1490240 581285
144516 144715
75439 278477
25621 122803
406976 258924
355205 1490928
466172 254158
1521607 19903
935070 677971
106747 373249
70021 179341
215630 165059
1260129 706837
1345882 961965
1468943 1468940
1468943 1468941
213289 1218734
466167 491591
372565 233106
1450060 1448018
1284464 1284463
830871 443975
144516 144514
934767 372756
1416449 1416448
614611 246993
625390 1346447
181064 142803
1068045 1068703
1068045 1068702
371226 371527
1099791 45916
463703 463696
1292663 1292415
143382 143381
143382 143380
143382 143383
371225 371226
934106 457575
164036 164040
309198 258924
934389 214560
463858 419031
1488657 1488656
128360 163828
128360 163827
128360 163826
86924 72032
3774 1289860
371225 371528
20857 42069
1383297 420406
481696 267332
213718 215406
1218954 163494
466218 466220
702553 147467
614672 526926
1166059 769894
419340 323795
164868 164866
164868 164865
1449450 1449805
281194 1112011
72585 95967
141778 139149
33278 33276
75159 788017
1258444 1244372
812448 43399
145158 616093
526893 75089
1127699 795823
36822 49370
1457244 845861
146616 146615
106584 250059
1259081 839038
77720 463704
1449654 1446876
67898 369356
36720 146070
164033 164035
401940 244971
74973 10834
159220 250081
1416355 1416356
148933 935090
147446 18445
373470 167911
727412 44784
2710 1114535
1448465 934102
934998 267702
36822 505075
163955 371452
162539 1416501
211738 5816
1258322 418947
1382734 1382777
465364 465366
211242 934220
33392 163809
1351939 1351938
1260129 59224
1108753 73028
464339 464340
479705 1258125
26742 165165
113058 223894
1448760 1037126
1450382 749329
66983 266892
373313 163856
373313 163855
301349 246963
211010 934849
1033096 1033094
425796 662744
63635 106617
514705 738563
67349 24745
159331 1154137
1116895 1116894
33379 372022
1033627 1033628
371638 5378
892537 1059955
918236 66739
1040745 1245032
525967 525964
727369 769821
352157 1154476
33278 282164
1077452 1077451
1077452 1077453
106596 371115
106596 371114
106596 371116
69654 363875
303444 526263
17403 144313
143399 140234
464836 227370
205642 92396
868722 868720
69946 68221
934388 214560
110328 110853
63635 458410
36822 163782
59224 83953
463696 463704
163593 795823
614612 530840
371727 656934
162539 1416502
67024 419340
91079 58900
1431099 1431019
69946 24759
164154 458410
509548 24478
868721 868719
1451030 287866
1521583 1521628
464339 33262
492743 1451289
143008 727269
371416 323370
1350666 1350664
1411263 69988
1459622 372267
356684 356685
525969 273786
212519 10834
147447 934078
1219842 738650
86924 71567
208150 8049
163828 163829
715420 1064206
355205 934845
44564 419100
1258444 1258819
437291 211038
196084 650969
465278 464189
466021 59114
1419959 1488543
58310 464023
1260128 58900
525969 494270
1346401 338381
1384176 372284
372253 372255
372253 372252
372253 372251
344408 148954
147446 934080
934849 139109
481694 481693
68038 254134
1076975 1076976
525969 525964
225512 775354
3709 3708
1384494 1088829
1259337 1259336
213414 934292
18041 1116939
1423047 1423046
346677 356686
934162 211570
210874 59114
84062 1260128
32964 29642
60738 601048
566343 140677
36224 887889
252337 252318
40293 214648
75159 1113812
1389653 178798
23613 1522154
356663 356662
5816 466172
466219 466220
1107307 491269
402257 33624
9137 106605
373471 373470
25177 465224
1351056 1351055
39992 221819
464454 465986
1451645 907121
372098 234113
526040 526039
934767 750473
227322 165206
303377 775260
67937 369356
66528 66526
1482820 570850
146619 140689
8571 140689
1113881 1113882
37359 814398
165059 165057
165059 165058
445584 445583
465860 371225
69026 423750
79425 1289841
526730 363827
321347 874633
142469 142470
142469 141342
11500 1114134
1289768 1064189
2469 162564
1100 1108972
706837 58900
5460 26709
1457385 267412
299726 419488
93912 934175
1030557 1257938
1449179 1449180
211400 934941
862352 1077260
211010 122803
66414 279735
84062 83953
163505 164806
30681 140134
4303 1495816
66528 152993
1155635 841949
73956 83900
464012 934162
211010 465986
371730 161450
427884 223101
1346215 464731
145159 145158
1260129 91079
32174 38449
9137 158998
401941 70129
303726 303727
303726 303728
163889 163888
1211331 1212161
1351496 859216
59224 163782
1289910 142018
831057 19903
303474 303475
1258581 421835
1345697 66300
1345901 1345590
1081753 1081754
371272 32174
715442 419769
372158 1467525
1482819 1482820
30681 402258
215866 423992
1187 363401
1127699 163593
419173 301218
49783 402366
558901 775320
287866 496001
100476 36452
59224 706837
371259 321544
164807 164805
58872 128145
139321 299726
147447 858685
1187 1459957
1103485 1259034
372098 372100
140689 146618
148954 33384
209060 465209
1258365 1258366
992999 1112011
36822 59088
1211149 1211385
727289 177210
115649 58900
406537 1383735
1211512 1211510
145830 123043
347510 5440
1108973 1100
238048 1064044
1033095 1033093
1033095 1033097
1033095 1033094
221129 1082187
164677 164676
1076957 1076959
211570 171870
76 147469
67273 1218602
102537 68831
371647 371646
211738 69619
1451466 1248525
49177 49370
75089 2224
465225 25177
164310 164312
164310 164311
1211246 35158
23248 31094
177289 33426
48827 371043
614612 614613
513381 49370
163631 37301
1431038 1431039
1259429 1104037
179301 727258
7785 747491
1155714 1155715
323016 225483
131796 67523
372685 372686
1258530 1257938
270085 490117
372565 59217
464965 677695
45333 24712
714817 820
5816 254158
58900 49190
1034538 1296407
141920 141172
526020 366339
131796 769821
714817 371172
146619 146618
96797 213613
93912 17474
146262 139320
1494178 114580
526042 526039
465327 465326
1459604 30756
122511 267578
140690 140689
252206 252401
727237 446511
145843 145844
66528 59224
356682 356683
1384413 82522
66528 238763
142441 143913
96795 96797
934220 128145
1212512 1211149
145159 618349
723776 1423005
1488653 38138
1260129 1260131
1260129 1260130
164616 164699
26061 48805
446495 1467629
1431040 1431038
1154523 1154524
372253 372254
1260129 83953
213896 769818
1449181 1449463
301219 301218
303544 303546
1219841 738650
1450382 104795
93912 372520
59273 466021
1154770 1154772
1154770 1154771
17403 139665
69819 158998
371321 212576
83900 1382770
9137 6151
1384191 1383281
42069 91079
110412 775297
110412 775298
356687 356686
356687 356688
466168 491591
419767 419768
419767 419769
1211377 1211376
164137 106584
255884 68440
1381110 41737
145159 411947
577921 1030640
614854 614855
558901 775318
558901 775319
624197 2487
1350342 678543
859216 1351495
677890 34867
1211467 1211466
526581 526580
338425 60609
526041 526043
463888 463889
93924 68660
213367 212520
142956 142957
1248525 1451463
1248525 1451465
1248525 1451464
1033092 1033093
1033092 1033095
1033092 1033094
1033092 1033097
1033092 1033096
3715 38449
67039 1346025
168989 373041
168989 373040
1211061 1211062
164312 155299
934078 934079
830943 398499
7142 14256
525965 525966
465949 254158
1260129 80502
1411080 106604
40816 934936
526039 526043
1382735 256714
434164 1115454
334956 727412
934108 934107
934108 934106
934108 934105
1259395 447184
5763 8049
934936 212817
356662 46661
775318 775320
27805 33104
886717 1290015
252225 252224
70021 419755
59273 775424
1283110 1283111
123907 314522
372232 372231
372232 372230
614722 458904
831063 358383
5425 1345631
139870 139871
139870 139872
147470 1489099
78163 1108753
1155635 73537
49783 165146
1448465 1035112
727412 1459814
106572 163822
1064090 1064189
934767 407
702760 1112463
139738 1039322
1521560 353716
1383281 730302
24774 24775
140690 8571
371629 371630
373003 372870
60482 165062
346214 210813
464194 464195
747584 747585
122093 58900
65446 179341
372785 314454
372685 876866
139266 139871
139266 139872
59224 115649
397079 419143
68038 86840
356688 346677
145843 141201
191638 373078
465225 465224
355201 27518
1451463 1451462
370948 5378
1212161 436845
372099 372100
934766 750473
664437 1468199
1031494 662744
164039 164035
146619 146620
1292415 1292664
61433 75439
464575 41737
1041018 371877
372098 346653
11330 727258
1457520 13936
371630 371628
464965 2323
214813 215406
16946 109345
1351322 1284254
144330 371078
211738 466172
1323696 1416502
165057 165058
59224 91079
1068666 1068663
1068666 1068667
140493 145828
344408 120165
465442 66387
165006 249875
33262 464338
146063 80755
20296 211972
68221 1346137
1259360 1259592
1448464 1448465
32827 356685
1072757 1351938
1260129 1260128
371226 371528
143381 143383
356673 356675
214372 505075
59016 37592
372057 37786
419755 301218
179301 11330
163810 24712
273786 494270
463721 463722
347391 775435
24773 147491
141343 142470
614638 614637
614638 614636
1113812 329088
1416501 1416502
1155097 1155096
1155097 1155098
72508 1114969
246993 614613
71567 1490974
252283 252433
1154770 1154768
336738 899509
254610 12698
466042 466041
466042 466040
304086 506305
49370 122093
1129295 418947
715431 715432
513993 372520
145154 145153
252337 252401
24772 164616
147447 934079
750513 25621
139782 143881
787701 388320
174210 464853
27767 439842
464837 227370
67228 466361
113077 172535
71784 304086
267117 121986
93924 41634
303377 267005
250106 32979
179305 3251
1389381 1142744
1458832 164126
715418 715417
1468199 1468200
208150 5763
1068704 1068703
1068704 1068702
356693 221819
1076919 844727
539582 171261
68949 464338
67713 218306
1116599 163231
1260128 91079
419173 226113
614811 614812
352183 225489
179305 179306
163828 163827
163828 163826
181094 1521632
4455 1064206
372252 372254
1351606 1351607
996563 769818
465476 465478
1447502 996557
227521 371710
1467711 346677
1411483 37786
851744 110826
1451029 496001
4402 464324
750165 934967
520772 528602
1350666 312372
1345680 500675
814398 140804
423947 164616
463941 463940
146620 140689
775318 775319
147447 592659
5425 97073
372232 372229
1116938 36452
16596 445613
373092 373093
373092 373091
1346137 66749
868722 868719
104684 37301
1155884 493012
224813 180697
130406 58872
252206 58466
301469 356695
692089 1284086
1283109 1283111
1283109 1283110
1430646 1430647
139870 139266
372949 372948
157827 59108
1383870 1116502
1075350 1075349
525965 273786
934618 360824
211051 40816
1259444 1259443
344408 225512
372253 372256
371629 371627
371629 371628
1219841 1219842
868721 868720
868721 868722
891686 164265
872362 106575
303979 180576
1115156 1457385
465154 465155
224813 66047
1446875 1446876
1259501 1259502
465986 505075
464194 360781
139320 13641
147447 934080
373387 548451
1019900 1187
163782 238763
1076958 1076957
1076958 1076959
1468426 1468425
1468426 1468424
1467867 1467866
251314 211038
1292548 1292549
75404 198340
445850 1257976
1451464 1451465
1451464 1451462
1114984 140924
356687 346677
496126 1423096
747500 63635
775465 372695
851813 4537
717340 1032411
831051 225512
215141 122093
366339 143913
18574 4062
372408 40746
525969 525965
525969 525966
267005 33384
210818 591812
147351 346668
37359 20314
122000 18586
465477 465478
465477 465476
127626 372111
127626 372112
1259498 418947
1345870 1345869
33154 68408
164518 93912
211570 18446
66999 212302
163782 505075
144804 144803
1449305 1449304
66828 66827
439931 267089
163344 16968
466218 466219
1468794 141712
181067 445613
89789 1490958
301218 179341
33379 591812
445583 852132
458904 419013
61016 418984
699251 989135
419305 419306
715437 506305
680798 1351429
1382963 1212071
164037 164035
1258322 1259498
303966 463722
4062 61937
5816 465949
84062 115649
139976 139975
211242 58872
624188 624185
32866 267702
25621 505075
267474 371681
33008 65446
529339 1345855
464012 171870
1446639 1448204
1039297 64536
175962 214560
146620 146618
140597 466000
1346417 211738
371040 371039
84051 1290014
934175 8005
337143 402416
1383625 90404
68032 934495
530840 614613
43399 373452
250041 934175
1259501 1259500
750165 211715
18601 18574
445249 333510
527266 527265
144838 123716
465225 368937
527049 527048
66737 66739
1260129 58900
492233 1259034
211010 25621
1488614 64536
464236 465742
96927 78225
68287 149245
303658 33262
715390 247994
851887 851200
164898 66385
816 526020
526825 526465
114767 463696
1449135 1449134
26025 144052
1068705 1068702
346934 33238
70021 301219
383928 44820
816 366339
163809 3715
226113 301218
42230 100407
372785 267108
9137 19572
1153679 96959
526360 171535
1154534 1105071
464618 464617
613019 1258322
139412 260371
1258650 1258651
251314 437291
775297 775298
106597 371116
106597 371114
106597 371115
1030557 1258530
419175 66825
215630 682395
1071654 1351426
481690 67348
1031494 717340
1446058 1446059
1345589 1345590
373091 373093
163806 934522
163806 934523
163806 934524
406022 373370
420671 181064
168730 934565
144838 145328
465441 66387
163494 1116939
141429 141431
371116 371114
1128023 253641
273786 381130
1064917 79967
147446 858685
407 372756
372100 346653
178117 221804
25621 464454
513993 211715
427596 420346
16968 163345
16968 163343
715413 36452
723300 1491269
505508 158305
715437 71784
1068667 1068663
527020 527021
273786 525966
1491100 1491101
141430 141431
1468942 1468941
1468942 1468943
163985 151325
163477 1309038
545214 234120
614699 527733
614699 527735
1488741 1488740
869264 1467676
68287 31049
140899 143633
1451464 1451463
419244 303966
1258092 1110016
48808 32788
48808 32785
1468426 1290156
356693 39992
143505 141724
934105 367894
1154607 196052
1451030 1451029
934849 212295
464751 464749
1359326 1359327
72032 1490974
1040888 1081692
1446639 1447852
1260131 706837
481676 481677
163804 163806
1447239 91016
464743 464742
1068184 1068187
1068184 1068186
1068184 1068185
1068184 1068183
1068184 1068189
934108 457575
1448465 1104098
139320 59481
1430516 1430517
266859 181086
372701 123907
907069 907068
1411064 3712
19903 267528
1448464 1035112
66528 215141
526731 526729
75090 2224
66528 179310
309017 61433
93912 8005
258568 260371
934220 58872
366248 372543
1468940 1468941
1283830 763738
91946 729715
1260130 115649
2586 899602
2586 899603
1155648 35187
372252 372256
120165 749129
139285 466000
221129 118501
1384324 80088
141117 141116
1070948 1070947
702517 109345
314540 775299
279246 181090
1448018 1450417
1384413 349411
464454 505075
1068703 1068702
32779 33238
1153858 1133203
287866 1451028
287866 1451029
140300 140015
140300 140014
1155152 1155151
464627 140517
1488653 717340
26319 372649
59224 212519
66528 40816
1126485 1126484
1258982 402586
164529 164528
211010 47222
372256 372254
1289771 1113959
251336 365298
1289739 196667
215406 58900
168518 1114387
2710 232679
464836 464835
464836 464837
464131 419031
1350721 1350720
63635 472237
165214 267371
525967 381130
1449805 1447771
75110 723607
209508 1873
1451029 1451028
1351494 465612
215141 58900
11220 142193
614736 614737
614736 614738
715436 715437
338621 1389624
1154534 302235
18591 18270
356677 356676
356677 356674
356677 356675
356677 356678
1257948 874538
941630 439514
127626 21939
1072483 1072484
371626 371629
407 934766
1411067 268077
465578 465576
66047 180697
33392 179307
481695 481693
1059648 891686
1260130 83953
190974 38823
371495 371494
165165 68831
68038 373434
373251 373252
465949 934088
464143 464144
420234 1289753
164866 164867
1468425 1290156
851200 851886
626076 869169
164034 164301
1068187 1068185
1068187 1068186
1068187 1068183
300729 16270
4062 162564
59088 49370
131892 179338
1258603 1259444
1258603 1259443
1258603 1259442
67937 67898
1457703 1457266
178117 458869
424146 678400
481690 481691
1259228 1259227
464550 876380
3719 33238
525968 525967
525968 525966
525968 525965
525968 525964
33426 131903
1155497 569643
1383775 1257948
1073311 1073310
371890 33426
141527 1345939
463888 86840
66528 122093
36822 513381
571243 225491
148953 1218504
1449654 1446875
108848 907121
502399 1211511
36822 49177
1446500 1448254
1459751 148950
209133 25177
113640 234120
373456 70538
386338 677971
119421 1450060
164865 164866
164865 164867
356665 356666
371114 371115
463619 1341827
463619 1341828
11220 27536
851943 163543
284381 961494
1037127 1037126
1345893 142916
80502 706837
92494 76897
24746 118167
212295 139109
17389 1382706
464751 464750
212519 215141
7422 526360
373454 373455
356661 356660
1292645 1457266
371527 371528
961965 1346205
961965 1346203
323847 371416
1449179 1449178
37359 140804
1112463 1112461
514004 614812
514004 614811
273305 33008
934162 18446
69411 304255
913081 316854
868845 934845
465577 465576
465577 465578
465577 465579
146521 209453
165144 729212
174210 60609
69441 88624
464454 122803
267154 177195
301440 301082
66528 115649
1345893 1346208
74973 40816
481673 155415
18601 16270
1389347 628821
464619 464618
464619 464617
1282488 267526
1423047 73432
1258075 1258076
32779 727237
67273 267029
1451646 1451645
808014 1345855
18062 164982
18062 164981
23432 488908
899523 899524
58878 58900
1449450 1447771
934078 934080
419173 419755
1151655 1350810
968371 1382816
5816 934088
808014 529339
59088 49177
1284632 1450417
1034453 1072757
1451466 1451463
1067183 1072483
1067183 1072485
1067183 1072484
1068183 1068185
464340 68949
323847 323370
464012 211570
372258 372260
1155152 1155149
293133 1002885
1292645 1457703
181000 128314
1024825 276234
3720 1457250
35781 16598
1153829 1153830
1411256 932458
466172 934088
140382 139149
934098 934099
164518 8005
775320 775319
934618 147469
163784 59114
265599 727306
105637 177211
48827 304341
491805 303378
250041 8005
1033096 1033095
1033096 1033097
1033096 1033093
2328 363971
301142 439500
1431107 1430762
356676 356675
356676 356674
1064917 144461
371149 727269
1078219 1078217
1078219 1078218
165059 143913
526730 526731
1081697 1081698
826090 1289753
1522168 1522167
147434 147351
1289728 1289729
89902 77309
407 750473
59114 775424
356663 46661
42799 1459604
934088 254158
1292547 1292548
1292547 1292549
1257934 402362
1258916 831048
173793 91079
1521611 772623
146619 8571
1220080 463753
1108896 1108745
304240 304241
1448464 1447218
164038 164036
769868 371078
163782 214813
146099 146100
146099 146101
164038 164040
433593 71978
1155302 1155303
93924 464188
371816 371817
141864 145843
141864 145844
164035 164040
934618 76
868719 868720
934766 372756
210874 466021
145159 899509
1218952 26742
66825 66346
1350547 1350548
445850 1258884
466325 466324
66528 505075
238318 372345
36822 238763
177246 5437
165812 371816
165812 371817
40816 212817
1155815 1155814
372088 372087
934068 17474
144715 144514
25592 725187
1155151 1155149
69864 372208
80502 59224
1258941 754639
463751 8684
163829 163826
252266 252433
177315 177317
970296 846035
147447 18445
372701 314522
164981 164982
1029709 465860
1260131 91079
59180 1416690
1435151 164638
93924 1033428
1114387 284977
59273 59224
22038 1458799
1059648 164265
64227 907028
131796 727369
141920 141343
141920 141342
419597 254200
387416 1154499
750215 214813
1448253 1448254
1112462 1112461
1112462 1112463
934936 152993
148941 465340
371625 371630
323228 547387
831051 775354
141723 141724
141723 141722
9549 366248
73432 1423046
1292411 13883
303966 463721
526729 363827
530840 246993
147446 162517
1259442 1259443
775266 164221
1064090 1289768
463703 463704
356693 281013
199832 69096
1218952 165165
1351494 859216
1062648 1491101
273055 1207525
33638 33533
1260131 115649
934564 676941
164034 164039
164034 164035
164034 164037
164034 164036
164034 164033
58466 252318
145159 616093
179310 238763
1416501 1323696
208150 4824
210760 464998
372112 21939
372542 366248
142441 165059
68032 147351
72508 1114387
487463 66737
1068188 1068189
1068188 1068183
1068188 1068186
1068188 1068185
165214 1125794
769798 266859
164295 465340
1451466 1451465
86923 526188
150244 59261
122803 214372
173626 1389583
42230 122523
372258 372259
1345596 1029486
209133 465224
934068 93912
164137 906921
22930 1082099
24726 42613
112002 1342320
130406 128145
1154964 170816
1346212 1346211
147447 147446
1389414 68304
32813 17862
25621 214372
1258820 1244372
496001 1451028
1283521 247236
372020 1258077
513381 49177
140924 1114985
490117 1155303
464991 464990
33046 177211
139412 258568
504746 934913
935082 10834
1389608 627527
525967 494270
373440 373439
1081919 1082145
1081919 1082146
747500 106617
301219 179341
526730 526729
36822 122093
212576 360650
146262 59481
961494 1459721
59224 84062
1259429 1153107
419173 70021
1204755 1113812
715436 304086
372520 934967
38534 505508
1033093 1033097
1067184 1067185
238763 215406
1154411 1154347
1447852 1448204
142916 1346208
182994 466299
177199 410151
177199 410152
24774 164699
899495 899494
164038 164033
164038 164035
164038 164034
164038 164037
1394298 464637
164295 148941
21537 69050
1072645 1072646
763671 1345882
9549 372543
373433 4502
140257 144838
168730 371199
373082 219530
1126557 1126558
1153516 363875
3487 162564
145159 336738
67024 323795
106597 106596
139321 419488
157473 165146
934107 457575
66526 40816
59224 466021
717340 38138
372520 8005
481691 67348
105932 402685
213367 14212
267108 314454
213414 371166
115649 83953
1260130 706837
163827 163829
163827 163826
464784 465577
213414 111004
715437 304086
1082146 1082145
1099 894147
1155603 1155604
420698 598847
373124 373123
66528 1260128
164039 164040
163856 163855
59273 59114
96574 420555
212817 152993
234109 1459736
464009 464008
1070949 1070948
1070949 1070947
139321 140310
71784 506305
66737 1345939
164638 165210
164807 164806
934100 1384477
73537 841949
93924 69096
769859 225512
252266 252283
67620 102537
211738 465949
1260129 84062
163783 163782
371625 371628
371625 371629
371625 371627
210813 591812
371626 371627
371626 371628
334693 334738
1068985 1068984
77642 1451465
38534 158305
1448464 1104098
1060055 509582
1259500 1259502
66528 706837
1345761 1345760
211715 372520
233106 59217
465365 465366
284381 1459721
164923 24745
1114776 418947
1105071 1155934
1019895 506044
36822 215406
73537 72946
372949 105910
1115454 118260
1447218 1104098
463703 77720
439167 1346430
179310 36822
69441 748240
142193 27536
140054 868484
8684 15122
1029709 371225
267474 68660
1078218 1078217
1346116 1346115
67620 68831
725187 1382806
164312 164311
49961 371379
24751 212302
267371 178802
1345956 48221
1260130 1260131
142441 141415
372167 249337
225489 1121815
662514 1382638
1475839 1475840
1382576 1215671
1114771 1114770
106643 141304
145328 123716
141172 141342
141172 141343
1064917 1521598
309106 282257
179307 5441
142330 140197
49192 3708
110898 502422
614846 102772
1154757 363875
164037 164039
274986 44525
43399 419214
1383552 1014498
70340 466218
1114984 1114985
304341 59238
69993 69992
393551 76713
1113942 1113768
212519 122093
80502 58900
1068188 1068187
1068188 1068184
1309071 163494
372254 372255
238763 505075
550119 18603
250018 371215
67285 67284
164313 270708
17403 70340
372056 372057
527266 527122
527266 527124
1211512 1211511
372243 372241
372243 372242
372243 372244
1345967 1345968
1075340 98104
66528 83953
423947 1030640
1019903 1019902
614636 614637
25592 1382806
1450060 1450417
1447297 1446019
145154 140606
1066527 1066528
38322 1495789
614722 419013
463863 465185
18586 6861
227370 464835
139044 145805
83953 706837
465441 465440
465441 465442
727245 145256
164981 465632
164033 164037
371796 371795
747577 747576
375218 163709
1350721 1350982
1410988 1410987
715420 4455
80502 84062
1448465 1447218
27805 1458826
163626 163627
525968 525969
807539 1033102
213414 372803
934089 465949
411947 899509
458410 164153
372068 372067
1059955 1211786
148954 120165
371754 371753
266202 2559
525964 381130
163809 5441
352183 375444
1345701 237879
21252 293133
355339 382382
371166 934292
35940 146521
247994 314522
876260 1468176
146903 139412
4402 466116
143504 143503
157196 160640
614611 614612
614611 614613
24498 244313
1153107 1104037
142503 141201
1218740 1410957
1284670 1284669
40996 371225
814398 20314
122226 36680
164616 24775
66528 1260131
66528 1260130
868905 868906
542149 1468269
122803 465986
227322 594242
1431040 1431039
147469 360824
934388 934389
24726 44784
1068705 1068704
1068705 1068703
66528 215406
179307 3715
1002895 149165
371626 371630
727293 67843
1258884 1257976
70021 301218
1220325 1116702
1039490 1039297
421723 581674
66828 481696
1467479 1467478
1346337 148945
77720 465360
899496 899495
899496 899494
3719 769818
1431107 147347
1446745 1446746
146793 466186
750165 372520
346214 591812
110898 1081529
18041 163494
464784 465576
464784 465579
464784 465578
165059 366339
1068666 1068662
1351057 1351055
1351057 1351056
153906 419688
547671 41811
139871 139872
1073762 1077260
352183 68657
679299 1389603
209133 465225
36822 214813
1450383 104795
717340 662744
1483067 1483068
466040 466041
1345901 65905
1108973 1108972
32927 33238
525967 525966
525967 525965
525967 525969
214813 505075
465615 1081726
1351360 1351361
899603 899602
1207707 1207708
527124 527265
1389467 1389466
1258858 1104037
1282194 1447529
188815 165326
143612 303659
143612 303658
466172 465949
336738 411947
19721 303966
527019 527021
527019 527020
142367 141126
66528 212519
1067183 1067182
1067183 1067184
1067183 1067185
1450118 1450117
59273 163782
44784 42613
1468425 1468424
165310 164593
715441 247994
66528 212817
16270 124190
750513 16601
179349 250044
934642 214560
140606 145153
706837 91079
163806 163805
140240 140239
179310 505075
371116 371115
119421 1450417
1207707 900089
875719 1031494
210874 59273
144927 466000
1114720 148930
141722 141724
213410 15643
252337 252206
464965 69619
749329 104795
164038 67161
934838 934839
212821 171899
323257 140134
371020 372880
466021 775424
141415 143913
1350665 1350666
1350665 1350664
1346204 1346205
1346204 1346203
211010 505075
144785 624341
481695 481694
525966 494270
70074 75439
1068665 1068666
1068665 1068667
1068665 1068664
1068665 1068662
1068665 1068663
122523 100407
25177 368937
145327 144838
420582 420719
273065 22930
934523 934524
32174 3715
2685 2686
934107 934106
76 360824
1350720 1350982
209133 368937
1350571 1350573
763671 1346203
763671 1346204
763671 1346205
49177 122093
70074 278477
525964 494270
1244372 1258819
66827 120165
36452 1284389
831057 15084
106595 38778
164033 164040
179310 215406
356673 356678
356673 356676
356673 356677
356673 356674
463495 1218945
372542 9549
526038 336513
525965 494270
176652 284376
250053 250044
1350809 1151655
1411463 465068
465238 465239
1219648 464203
252337 58466
1345774 1062207
164735 164736
371730 1435151
477008 29642
934772 213285
356657 268077
40553 179341
614632 458985
24772 24775
24772 24774
1389603 463738
1342704 1321656
1475769 1475770
466111 466112
441205 372695
347510 361019
19729 312871
1431040 1345645
303659 33262
106630 106595
3712 36224
1345902 1155906
71945 1154523
71945 1154524
323016 496968
1416641 300976
1283542 163504
213410 492743
177319 378085
717340 425796
144313 465767
631134 109339
1451691 214621
142502 142503
142502 142504
1451464 77642
1153693 1153694
143612 33262
84062 58900
179310 163782
614675 336746
1435151 161450
66528 1260129
1077451 1077453
464022 1116938
371518 496761
143504 141724
372756 750473
141864 142503
212798 571243
66528 36822
68831 727269
215569 165323
934292 372803
141343 141342
120165 145256
23566 16270
1260128 1260130
1260128 1260131
3251 179306
372542 372543
66999 362846
434164 118260
86924 1490974
934767 934766
372112 372111
505964 398499
935081 935082
226113 419755
1446553 1416834
1045870 1061517
84062 706837
115649 91079
163231 40952
1276304 1389430
1341827 1341828
301281 301280
181094 37065
93924 212821
38161 163494
214372 465986
465766 130417
613019 1259498
1350809 1350810
140257 466361
369923 569643
19903 15084
144927 139285
105910 372948
419105 144128
1260130 91079
1345882 1346204
267474 212821
67039 1345719
41634 170816
100404 370982
139285 140597
238048 949734
1045870 1114709
252476 181094
122803 505075
1483066 1483068
464846 465237
464846 465239
464846 465238
361019 5440
75090 75089
267474 1108753
1382636 1108156
164033 164039
143873 565383
545396 1258845
1490896 598722
372203 372204
1155302 490117
123094 211038
464022 36452
163608 68032
