238763 371295
1382756 21478
61786 267332
1108610 912218
371207 343102
466255 373385
66737 1382720
372262 342481
1108083 1108084
1108083 1108081
1107889 1107891
1382740 1382742
1108083 66620
1218758 1282623
1284295 1284294
371137 373088
371423 372190
372262 373389
859040 1430717
1227421 1227422
1108163 1108235
373389 342481
1283044 1281931
1282595 1284420
1108082 66620
373362 238763
1135683 158675
464728 1416593
371137 373389
1283044 371137
1282820 1282819
1108083 1108082
371342 5426
361489 1457768
1155340 1218781
1282595 1284419
596375 874762
1394258 1154231
1282264 1284419
526131 1228320
1127292 465987
727358 1283044
1107355 1218585
1416292 462064
1108611 1108609
1283044 373389
874591 165146
372262 1283044
727358 371137
1220371 1220196
1283044 238763
339036 1127360
371137 342481
371137 372190
1227473 1227474
830901 165146
1135683 1416565
1155006 139977
1282338 464014
1382865 463854
1430613 1430612
371137 1281931
371728 371729
399258 122392
373088 373389
371423 238763
1108356 1108357
3716 874576
372405 342481
1282595 371018
371137 371295
1108610 1108611
1283044 342481
1473088 1473087
1284420 1284419
238763 372190
464043 372014
372405 1281931
371295 342481
874547 481696
371137 1166160
372262 372405
1108083 912218
371342 1284515
1284455 1284454
371423 342481
1382741 1382743
1283667 1283668
1416841 1416842
214465 1024515
1227472 1227474
347198 463749
1472729 1155378
766232 1218901
1227472 1227473
1259450 1384246
1283052 1283051
1283052 1283050
266832 402694
371018 1284419
727358 371423
1416639 1162676
1282636 373385
1291989 846027
373088 342481
3719 464014
372190 371295
1473518 1473519
1473518 1473517
238763 1281931
462064 1416593
1292032 1292031
1382918 1473078
1227899 1227842
1108084 912218
1383235 1383236
846027 211683
238763 1283389
1284579 1284578
371423 371137
373389 371295
1284279 465987
1282636 466255
372262 371137
1126102 144353
98368 1383183
1108081 66620
371691 463694
1282595 1282264
1283265 1282283
727358 373389
1282043 218572
1282795 1282794
859040 464156
372210 1218625
67898 1382676
1108082 1108084
1430565 1430485
1282183 483320
372405 371295
1218465 370972
373088 372190
1283509 464195
314548 1283162
912218 66620
1218818 1218817
371975 1283185
372262 373088
158675 1416565
1283044 373088
727358 373088
1382741 1382739
1282923 1282924
1284091 1284092
1220371 1220370
727358 372262
373362 1283389
1416547 1416842
463854 445533
372405 372190
33638 1218632
420584 1289657
1283331 124206
1218884 370972
5426 1284515
238763 373389
1220612 1220613
373389 372190
727358 238763
371423 372262
1416469 1416468
58473 254176
1107940 1107941
1283044 371295
1107890 1107891
371423 1281931
372262 1281931
1282246 1282245
1416292 1416593
1220196 1220370
1281931 342481
1233945 1473636
238763 373088
1281931 371295
1382743 1382740
1382743 1382742
727358 342481
1283044 372190
1227181 1227182
373389 371757
1382739 1382743
1382739 1382742
1382739 1382740
372405 373088
1107890 1107889
373088 371295
1292337 455004
727358 372190
1282183 465987
727358 371295
1108084 1108081
391410 1218819
372190 342481
313663 1284435
1282264 371018
483320 465987
1218969 1218970
1416468 934878
912218 1108081
371423 372405
1416469 934878
238763 342481
371423 371295
1108082 912218
1292322 1457768
1416547 1416841
1282595 1282610
1281878 1281877
36269 154785
1227898 1227899
1382865 445533
371423 1283044
1291989 211683
1457392 1457221
1281931 372190
371137 372405
1283226 1282818
373389 373164
464728 462064
1289639 1033959
1472565 1472566
1283114 1282872
371018 1284420
727358 372405
344226 1282794
344226 1282795
1218466 370972
1416292 464728
196026 402519
1292322 361489
1283223 1283224
1220383 1220382
1284579 438652
372405 373389
1282285 1282284
371839 25563
1166160 371005
372262 372190
1166160 372190
1108082 1108081
373088 1281931
371137 371005
1283050 1283051
371137 238763
1416717 1416716
1283965 1283966
1283044 372405
465987 464766
1108084 66620
912218 1108611
1284279 464766
727358 1281931
874549 1383766
371423 373389
371757 373164
1281931 373389
1382741 1382742
1382741 1382740
1220384 1220383
1220384 1220382
1108610 1108609
1282244 1282246
1282244 1282245
372262 371295
1382708 1104882
372262 238763
1227898 1227842
1430717 464156
372405 238763
372190 371005
1473519 1473517
1276814 1291970
753545 1282623
912218 1108609
753545 1218758
66737 1289724
428525 1283598
371423 373088
1284578 438652
1282264 1284420
1218466 1218465
