143148 1411243
464243 465674
372081 372083
1108789 528653
818766 314529
1114826 172535
372052 372053
373335 143475
1097256 528535
106599 851727
140576 1127968
934644 934645
93924 355334
83321 44494
141201 146428
1079607 301153
1259257 1259258
32827 373319
73795 1113959
130092 371504
1081717 1081721
1081717 1081722
115775 111580
304428 463797
362742 934384
818766 1111803
372685 371950
267474 173642
148953 174952
1382598 1382597
1218682 1042807
227322 30681
66528 464971
372015 372016
1282711 1282710
371290 371289
465898 465897
139922 139924
795846 1081965
753311 83247
1284221 38449
96795 1260087
330056 371146
330056 371147
1411365 266622
1154528 72946
1166123 1166180
389656 77160
372554 1491171
372554 1491170
1108875 1031433
1411346 1411347
103503 370950
1081716 1081719
123704 234113
419052 139164
68032 753577
373226 373227
371207 371206
1383593 562166
874703 148930
463950 418961
465675 464243
1258975 1258974
371950 371805
72116 67285
372557 372556
1289754 809647
1468012 383951
463904 463908
371680 267474
419052 111580
400587 1416440
143285 143286
1490341 949715
589872 565313
1289804 313431
370951 370950
256185 702385
1258917 1259093
464758 1082059
179372 234113
371632 176106
851963 1220623
254610 106630
372122 1081604
1107790 373450
61787 66620
49008 371950
372138 164219
143475 373332
371498 3709
2957 1111976
372685 49008
75404 1114934
1384368 1384370
370953 370954
370953 370950
370953 370951
370953 370952
361019 748028
87427 50278
165059 1114826
1259258 1259093
67098 370999
215427 355330
464576 464575
373450 61787
371994 371995
1114886 211738
465675 465674
283038 371895
372220 372221
1384145 257588
465708 465709
1218604 1218605
27157 464280
27157 464281
399931 71655
36822 123673
465384 465185
1411166 1218750
1259294 213388
464243 466326
1219831 1127154
1416615 1416614
372433 372858
677695 211738
613019 122362
1111947 372858
1411104 398977
371290 371291
371290 371292
1127967 140576
214362 1411363
1410844 342854
372987 372988
372987 372989
179372 27987
314522 71655
1411255 446356
464165 1383117
139977 144499
1289782 1289781
463870 463869
463950 463951
371634 176106
373228 373227
373228 373225
142114 371951
373318 371950
1081718 1081716
371805 371005
464231 465556
418961 463951
344502 1082059
373160 373161
250035 526596
1114068 1113983
199832 373443
1111946 94355
402078 402829
1259377 446337
24794 876380
465187 465188
1219606 1219605
466254 464838
72112 213285
1108365 94355
1218953 672728
5441 346614
146844 61786
32827 548384
753545 753544
373347 373348
372460 372458
372460 372459
465064 465063
190351 372858
373320 373318
1459769 1459768
465834 465835
465834 465833
1079607 372858
463904 25623
373167 372076
83504 1155515
372001 372000
372685 373320
1467380 1467381
465708 465710
464576 41737
180697 75439
1081532 1081533
371741 371739
99798 1382686
1411580 1411581
190351 1111946
371191 371193
371191 371194
1155234 1153597
463950 463704
373160 225550
149008 211570
1153610 205694
1218740 266622
66528 23316
1155389 723607
465504 465505
1411479 1411480
371194 371193
371288 371287
371288 371289
215141 25361
373145 373146
373145 373147
179372 346653
1383560 1383179
1143329 321347
1111785 61787
373334 373332
1155724 303917
346653 234113
463947 418961
1220284 1220285
1411162 1411159
1219562 1081804
463950 463949
463950 463947
1258190 1416798
285682 1154075
285682 1154074
372463 371147
753627 753628
371894 24746
69050 122362
66679 1218811
65883 753779
65883 753778
67843 769894
465445 465444
465445 465446
1467382 1467381
371755 303759
896398 934311
1383460 78592
464691 464689
874591 165146
465065 465064
465065 465063
211570 371679
616446 280935
72116 329067
1114514 1114068
1431018 1431017
1292152 528602
1384387 1384388
465090 465091
818766 1108365
1873 214465
163631 105630
372685 373319
140216 466285
1079607 61787
68287 3708
146149 146148
1225 464063
267474 371679
371680 371504
344502 445526
1111947 372433
1129204 1129205
465089 465091
371677 173642
1127967 1127968
142476 142475
110350 1115433
372716 372719
372716 372718
464429 464428
371677 371679
371288 371290
371288 371291
372539 372540
373450 66620
753266 373228
344502 463819
373047 373046
1153662 1153661
1153662 1153660
143460 143463
373159 225550
190351 301153
1284197 1284198
1411192 1411193
1475739 1475738
372484 98188
371925 371926
372719 372718
753778 753779
1081722 1081718
1081722 1081719
1081722 1081716
21252 371292
21252 371290
21252 371291
1081846 831048
213388 1081908
466197 466196
1218648 1284023
371677 211570
372289 372290
1218477 1108777
371287 371291
371287 371290
371287 371292
463947 463951
371783 371784
465566 465564
1476011 266622
143399 147414
1430941 1430942
464691 464690
818766 1111946
37089 372988
37089 372989
934902 173642
371730 66784
872535 1289753
212015 58473
373229 373228
4402 37031
1457275 1457256
465090 465089
371192 371191
371192 371193
1112217 227171
95157 1108789
53983 1465630
3719 372591
1282580 1282581
338446 372979
466300 466302
466300 466301
344502 464758
371418 371417
686982 61787
464786 464785
1411315 1410904
372685 373318
20062 267371
949715 1346171
466126 372695
372556 372555
932548 1411160
1457493 1457494
371633 371632
371633 371634
371924 371925
371924 371926
1154069 1154348
16270 760255
1154074 466176
1282681 694559
934682 565313
41089 143633
934682 589872
463947 463704
1166077 267528
1108777 1289896
12344 769894
371217 371218
1411166 47729
66528 142663
463950 463845
225483 496968
677695 69619
371000 67098
1382763 1029440
1384442 304141
165059 172535
314529 372858
465485 465486
1259257 1259093
466109 139490
371296 371781
389656 934519
370950 370952
144330 215141
290516 5441
464787 464786
464787 464784
464787 464785
1107790 66620
1081718 1081721
1081722 1081721
21252 371289
21252 371287
1457507 931524
463947 463845
371287 371289
106575 465060
1111999 1029486
934902 371679
934902 371677
371172 371171
1383136 465075
1115642 148930
372755 122362
373146 373147
142502 1219800
371678 371679
371934 371932
464784 464785
371805 373319
373318 373319
47793 1219800
371172 820
463686 463984
372433 94355
371678 371504
1416518 1416519
373320 371005
1457534 1457250
142628 140517
196627 565313
47729 1218750
78779 72874
1111946 372858
140216 463927
934144 8448
32827 121987
143014 146582
143014 146583
93924 464872
373226 373225
373226 373229
373226 373228
463845 463704
227322 22872
301153 94355
1081718 1081719
12344 67843
463948 463704
190351 818766
372988 372989
371991 371992
371991 371993
874535 858266
372482 1475919
266622 1410957
139034 139033
23885 1282897
1079607 314529
371936 371932
1411426 1411427
372433 301153
213896 445613
346653 123704
464800 464065
465753 465752
373160 373159
49008 371805
372330 372329
61788 152951
372137 372655
874589 373123
1112217 1112215
1112217 1112216
818766 372858
196873 1115352
1129617 1129615
465403 466484
146150 146151
1283933 1283932
1383594 1383595
145354 111581
73682 83321
142629 140517
1411332 1411333
61788 165146
1260086 1260087
371288 371292
371678 371677
1382725 1382726
1289954 1383179
27987 346653
372322 372323
934902 371504
1490300 50278
372291 372289
371272 679303
140216 466275
631996 1411315
1282408 1081965
1155907 355205
753266 753267
1079607 190351
370951 370954
370951 370952
373299 371072
372128 372129
372128 372127
464048 464045
464048 464047
464048 464046
252733 24775
717475 165146
1416251 1416454
66999 227999
1411159 1411160
371216 371217
267371 19729
490117 1289927
934519 77160
465754 465752
1411255 1411257
1218891 1218890
179372 123704
1282829 1282516
1284158 1283868
372486 372485
795846 282257
373335 373334
373335 373332
98188 372485
1019557 304431
1112054 252456
69946 68221
143461 143462
143461 143463
143461 143460
370954 370950
370954 370952
372615 372616
702964 1430824
4465 702342
373358 178809
372991 372990
371216 371218
420582 301397
463845 463951
371679 173642
1128398 1128399
616820 1430618
1166137 830947
1282340 1282341
372385 149008
49008 371005
464064 464063
67898 1282889
3709 3708
1411256 1411255
1411256 1411257
146150 146148
146150 146149
2482 225550
934681 565313
1383593 1383594
1383593 1383595
934126 243834
1411103 1411104
372036 371932
372036 371934
372433 314529
1111947 94355
1457534 321315
147458 215062
314529 94355
1260141 23311
1111947 314529
934902 267474
372291 372290
75667 1383093
1107790 1111785
1111785 686982
371147 371146
934100 600804
1258008 1039709
2482 373161
143475 323812
371512 371511
371512 371513
143462 143463
371000 370999
1289673 313431
1259257 1258917
190351 94355
214560 171261
1490649 1490648
139780 139779
420584 1116502
1219604 1219606
1219604 1219605
371169 141773
1081717 1081718
1081717 1081719
148953 373228
1411161 1411159
154440 371992
154440 371993
1383594 562166
371504 173642
113554 41737
1166179 1166180
1207694 476915
1283201 211738
130092 371681
130092 371680
211570 173642
465556 465381
142276 139173
67273 1218602
463983 463686
371678 173642
371950 373319
463733 463735
211738 69619
463951 463704
993135 304431
23248 31094
48827 371043
214362 215062
1289945 304141
222323 41089
1111785 66620
27805 1166077
464429 464427
372504 372502
372987 37089
33638 227322
465748 464879
466297 466298
61786 215704
656630 1459768
463949 418961
370948 70449
373320 371805
266892 19729
1346159 1490875
1153661 1153660
1283122 372707
27805 123516
464690 464689
656630 1459769
4402 465591
1411103 398977
373228 753267
99905 1466078
123516 267528
1155587 1155586
1111947 818766
1218740 1411365
753266 174952
371740 371741
934902 371681
344408 314522
98188 372486
215062 1411363
140257 146582
140257 146583
371775 304431
420582 372479
371776 304431
156095 372309
373187 78563
88663 1155889
465835 465833
373228 174952
1112215 227171
371490 371492
227322 702342
372109 372108
449677 67843
934681 934682
372299 372301
142502 47793
211010 25619
59209 753311
1033736 1033735
449677 12344
1411162 1411160
463983 463984
463983 463982
569337 313663
1155635 73537
1111947 1111946
371680 211570
89439 464633
146582 146583
371148 371147
371148 371146
464738 464739
708386 83321
1068488 154785
1282897 301208
1064184 1064008
371936 372037
371936 372036
465921 465920
775454 775453
145823 139970
3713 3714
372331 372329
465754 465753
370948 5378
463734 463735
1039709 1258654
372300 372301
1491169 1491171
464575 41737
347128 66872
753267 174952
373075 373074
225550 373161
372458 372459
353840 74916
28057 361276
93023 1384398
36822 463960
371072 373297
371072 373298
934384 77160
344408 120165
1289822 1416858
59209 83247
371475 371474
250035 100712
2556 1394261
373229 373227
84390 1384427
1468012 1282176
1411161 1411162
1411161 1411160
373229 373225
371776 371775
33428 410295
875678 1282833
301153 1108365
464839 464838
372755 69050
2556 466197
463949 463845
371575 371576
76455 934311
372557 372555
402343 1064179
1416615 1416613
372685 371005
301153 314529
1410927 90538
371740 371739
1258617 1258616
163209 753347
818766 301153
187383 371490
187383 371493
187383 371492
1081720 1081722
1081720 1081721
1289954 1383560
371993 371992
464736 464734
463902 112080
464165 1289843
1081721 1081719
1282829 1211488
371232 369356
464675 464942
130092 173642
463948 463949
463948 463947
418961 463704
463948 463845
464812 464811
463734 463733
1112216 227171
1218740 1476011
1108876 1108877
121987 373319
1382782 1382783
1111785 1111946
788051 1383354
1108785 1457561
2556 466196
372554 372555
372554 372557
372554 372556
464158 464161
464158 464163
1475849 373141
159331 934422
1416439 118357
463949 463951
371192 371194
1111947 1108365
372076 373166
1283932 24775
464159 464158
464159 464157
371498 371497
78779 1382859
40234 371994
40234 371995
143869 143870
372082 372083
372082 372081
463832 464574
371991 154440
1079607 686982
1411414 1411402
1383094 1383093
371491 371492
371491 371493
371491 371490
1079607 372433
372331 372330
1081924 9250
830948 830947
1111750 1111749
463867 463870
362742 77160
1218648 1284025
129891 1430952
76455 896398
1107790 61787
372717 372716
372717 372718
372717 372719
569337 603919
1112054 129570
372457 372460
36822 463957
1166123 1166179
1284024 1284025
1384368 1384369
120165 314522
1457636 46717
400587 1411320
464280 464281
371934 372037
463984 463982
42799 26863
868790 112080
1411163 1411160
1411204 1081705
227322 628821
1292246 1292245
372124 371038
1218588 1218589
372200 935034
146148 146151
852114 463617
464670 464671
22568 119385
463948 418961
190351 372433
463949 463947
371493 371490
267474 371681
464157 464161
464157 464163
662514 1384391
372503 372502
372503 372504
463761 463760
373318 371805
175962 214560
373141 1475850
932548 1411159
2482 373159
371348 346557
163804 753311
1411365 1410957
145237 145236
145237 145235
77276 1383046
372401 372400
1153999 88462
466416 466417
463948 463950
463948 463951
1283933 24775
371912 371911
147458 214362
25608 370971
211570 371504
1103998 1258467
290516 346614
1107790 1111946
1079607 1108365
371634 371632
371504 371679
443751 398450
27987 123704
371677 267474
1490648 678543
402586 12344
418961 463845
464159 464163
464159 464162
371491 187383
215569 439788
371171 820
324082 1383663
371678 211570
92396 74149
373194 373193
465710 465709
313663 603919
370979 344226
463867 463869
372977 372978
934261 243834
373227 373225
130092 267474
1113882 1115435
464212 464213
372332 372331
1127688 1127154
1258008 1258654
70449 5378
363971 72308
157196 215704
373318 371005
1107249 1219800
1411163 1411159
23885 301208
371334 353716
562166 1383595
160702 371966
1112035 1111906
85030 361276
27987 234113
464248 464247
934681 589872
8448 934143
371932 372037
140276 140277
61788 61786
465748 465749
372858 1108365
372332 372330
934682 196627
1112216 1112215
371680 371681
463960 123673
934558 372289
373058 373057
464758 463819
400587 1411413
226113 466402
464427 464428
371513 371511
146556 1284180
1289733 181309
1384370 1384369
4062 61787
1082004 1082003
372858 94355
372433 1108365
463949 463704
935121 935034
464162 464161
464162 464163
874745 68906
3717 3718
370974 370975
370974 370976
402829 934754
465566 465565
366120 279246
1153750 66999
932548 1411161
932548 1411163
932548 1411162
464574 213285
727384 448990
1384387 28057
464160 464158
464160 464157
1128597 1128596
463686 463982
1154932 304431
1259253 1259252
130092 211570
139924 139923
301153 372858
1129617 1129616
371683 371682
1382784 1382785
372137 372136
382382 112080
4465 227322
371678 267474
267474 371504
465897 465896
1282176 383951
463868 463869
463868 463867
372601 1218856
372332 372329
420584 433593
371633 176106
464735 464736
464735 464734
147458 1411363
372127 372129
775363 148942
1411256 446356
371933 372036
371933 372037
1282971 1282972
61788 19903
213285 1121815
163804 83247
1154802 2323
1411118 1218492
27805 267528
252456 129570
78582 371232
1411163 1411161
1411163 1411162
934144 934143
1289814 1108752
371950 371951
1079607 1111947
47793 1107249
371289 371292
371289 371291
1081720 1081718
1081720 1081719
1081720 1081716
1081720 1081717
371950 142114
1259294 1081908
372378 118898
372433 818766
464163 464161
464203 464202
372450 180697
27819 371335
1218648 1284024
1383094 75667
1153969 1153762
1114019 1114020
465810 2224
466290 466291
225489 213285
74708 256714
466176 1154075
677977 1284290
1211488 1282516
373320 371950
372563 372356
464160 464163
464160 464162
464160 464161
935087 935086
464231 465381
993135 1019557
372419 372418
371677 371681
371677 371680
371333 353716
304064 1281908
211570 267474
371679 371681
1218709 371725
1111940 1111941
1491170 1491169
464064 1225
1384387 361276
372108 22286
433593 1116502
372497 372495
463832 213285
1416613 1416614
463868 463870
1457250 321315
373299 373297
373299 373298
934681 196627
75159 1113959
248526 1030973
1258008 1258515
371678 371680
371678 371681
372450 75439
58435 577047
464063 419261
775452 775453
775452 775454
1430929 1430618
112080 246537
145235 145236
1154195 463848
1112277 89908
1225 419261
25623 463908
1079607 818766
371493 371492
139922 139923
259962 1289753
464157 464158
372496 372495
372496 372497
1383508 465502
1410848 371200
190351 1111947
464159 464161
373334 143475
212972 25619
1154884 175624
1258917 1259258
37031 465591
314529 1111946
373333 373332
373333 373334
373333 373335
370975 370976
371681 173642
526596 100712
1411257 446356
371794 557925
373167 373166
372385 211570
361276 1384388
211010 212972
372685 371805
1411345 1283240
463819 1082059
1289701 401871
142502 1107249
144500 144499
32927 67587
148953 753266
148953 753267
363971 373468
371950 371005
1111734 992994
463957 123673
1064031 1064032
1111946 66620
935035 935034
1411308 1411307
285682 466176
371884 209453
102537 874721
463685 463983
463685 463982
463685 463984
163804 59209
211570 371681
1283518 1283519
28057 1384388
372484 372485
372484 372486
723607 1155390
466149 466150
372216 372215
1219831 1127688
214621 934729
1129616 1129615
1259506 1259507
1289804 1289673
142193 27536
371680 173642
1258976 1258975
1258976 1258974
371936 371933
371936 371934
433593 1289718
301153 1111946
143460 143462
464045 464046
934125 934126
225489 1121815
164102 402140
371504 371681
1416535 1416534
464162 464157
464162 464158
1282709 1282711
1282709 1282710
372786 372787
613019 69050
49008 373320
1491170 1491171
123516 1166077
372300 372299
44564 1289862
373159 373161
373320 373319
1416897 1416898
934312 529307
372109 22286
1290003 77309
464047 464045
464047 464046
144500 139977
795846 1282408
553285 851493
1154484 1155969
1111946 61787
465763 465762
1153942 692027
466308 58941
140257 143014
1218740 1410957
464784 464786
190351 1108365
372976 372978
372976 372977
464064 419261
1111946 1108365
371333 371334
466263 466262
371291 371292
465564 465565
10351 363875
465749 464879
1467380 1467382
67039 1081985
371680 371679
5816 753208
465444 465446
69619 906674
372523 1411307
372523 1411308
934902 211570
1289718 1116502
372457 372458
372457 372459
466297 419559
353717 373387
466298 419559
95157 528653
372433 1111946
146149 146151
1384365 1062709
1284023 1284025
72116 72112
373319 548384
130092 371677
130092 371678
130092 371679
2222 70799
49008 373318
49008 373319
1114514 1113983
78582 1383866
1079607 94355
1081717 1081716
95136 1383510
589872 196627
371497 3709
1112004 1111778
1410934 1410935
371005 373319
371933 371932
371933 371934
1154074 1154075
1218900 1218589
1218900 1218588
466301 466302
465898 465896
463960 463957
1155389 1155390
371148 330056
934600 171261
463685 463686
857495 1410901
371288 21252
371470 371469
139971 139970
872535 259962
314529 1108365
934261 934126
1111946 373450
1259318 1258300
1154484 1154133
1490649 678543
466401 466400
1411312 993347
1411320 1416440
372554 1491169
372036 372037
72874 1382859
1079607 1111946
1346388 333758
402078 934754
373300 373301
1081716 1081721
373333 143475
630560 596428
1490341 1346171
464159 464160
831038 831039
373298 373297
1218936 1283085
1260086 96795
373160 2482
1111947 301153
1284023 1284024
465766 130417
1475849 1475850
1430929 616820
992301 1457689
371214 175424
3712 169760
130406 68660
1111785 373450
818766 94355
371677 371504
372435 372434
1079607 1111785
121987 548384
464788 464789
1081609 1081610
142628 142629
190351 314529
