371209 1284227
1283591 1283590
466373 1383308
1218502 1042792
371515 325600
371055 371054
371055 371053
1127155 1283591
1127155 1283590
1282491 38382
1284241 1170982
371423 372190
1282491 78450
709484 1284240
1292084 1457474
373340 373341
373340 373343
373340 373463
372694 372695
371423 372395
443670 1108545
372534 372531
372534 372533
372395 371175
371657 371656
1431158 1431159
78450 38382
1282210 1133030
372382 372381
372382 372383
373312 373311
24753 1282290
1383285 1163741
372862 372861
371137 372190
1218764 1218765
1218700 1282216
371054 371053
372690 373361
372696 372472
371728 371729
1382831 1382832
1218827 371591
1284313 1284312
1289711 1289712
372262 372261
1282702 1282701
1283620 1283621
1064478 1242299
371209 1218648
372860 372861
372860 372862
1384425 1383600
1218657 513952
1382650 1382649
1218796 1218795
373342 373343
373342 373341
373342 373340
372532 372379
466225 1218572
371423 24753
373342 373344
1283619 1283621
373344 373341
66528 372780
373302 373303
372070 372069
1107834 1108073
1430733 1430732
1282210 373164
1170982 1284240
1107745 1107778
1218878 1218879
1218853 1218852
1284334 24785
371999 371414
1289961 1289960
1290026 1290027
1382647 1382648
372379 372531
372379 372533
372379 372534
372381 372383
1283620 1283619
373341 373343
372532 372534
372532 372533
372532 372531
1081419 1289682
1383490 874700
42799 372121
1218648 1284227
837203 372481
837203 372482
371444 371445
372482 372483
371201 371200
1281958 1282255
961965 372153
373344 373340
373344 373343
371423 371209
1218514 1218493
372190 1282290
1289980 1289979
1457325 13987
373149 373150
1218844 106620
1382749 1284435
1284225 1284226
448993 464270
1365288 1289712
1064478 1065772
24753 372190
1218707 1218708
371423 371175
371943 371944
1218975 1030861
1284241 709484
1382809 1384423
1457517 1291948
1382651 1382650
1281890 1218767
1218975 464624
709484 1170982
371862 371863
464624 1218560
1065772 1242299
702310 1430974
1127155 24776
372480 837203
837128 618335
443670 92347
372483 372481
465637 1218881
66528 213414
372383 373463
371432 1218694
1108545 92347
371423 1282290
372533 372531
373362 1218620
372175 372754
371208 371209
338446 373149
1289723 1382676
373340 372383
1430488 144718
371446 371445
371446 371444
67098 768801
371423 1284227
373380 373379
806155 1430622
371423 1218648
1284245 371728
1284245 371729
373287 373286
372482 372481
1284162 1282074
1218543 1218542
1382651 1382649
1218608 1289973
338446 373150
1218763 1218764
1218763 1218765
41922 1032396
24776 1283591
24776 1283590
1430553 252430
213414 372780
1284241 1284240
372480 372481
372480 372483
372480 372482
1108172 1108171
1133030 373164
464624 1030861
