1127228 225493
59109 58922
106603 106611
1445982 1351426
807351 538347
768796 768797
314157 43504
1114826 172535
371043 402767
372688 4169
1468099 1332505
71567 68360
851790 851791
1154999 41299
141694 17526
304178 463632
304178 463631
992981 992980
1389357 679302
16767 419031
463863 32336
356653 1468099
32827 373319
46908 723179
1468859 1468860
164466 39971
750426 934746
750426 934745
466024 466025
646278 1053508
1259454 1259455
16270 211418
344408 1282142
1465955 1465960
1075641 1070018
723476 723478
120165 727245
1460108 1460107
1467514 373301
1411142 1411103
10351 104395
1220411 254174
1411005 1283713
451046 1116797
252733 465908
59261 213846
164096 148964
24746 24745
139455 139456
727358 371805
934930 934931
934930 934933
934930 934932
465153 445533
252283 252282
24789 24790
3719 1260143
256749 69050
1345863 465655
163848 163847
465395 465396
616259 616261
616259 616260
252457 252456
252457 252458
129891 1458784
1220591 1220589
147491 851535
139978 465696
1258409 1258408
1258409 1258407
464550 464551
723221 723222
1255567 1410888
1410887 1410888
465151 445533
410159 402829
141942 141939
1388230 1468577
1416741 1416654
163505 1289968
934759 934760
934951 934950
689423 1218816
1468421 539119
164195 267029
69026 1467514
72112 72117
106643 618479
139675 141281
1282998 1282997
1282998 1282999
1211171 113279
620307 723579
199832 934310
181067 68831
1154324 1154325
1457261 1033711
466030 466033
466030 466032
466030 466031
389656 77160
371319 148928
165206 1115089
373240 723523
1126897 1465153
1126897 1465152
1289934 73028
139503 139864
1078737 1073345
1153570 1423039
163593 371846
1156040 1031645
1072485 1411416
303327 419206
143399 1113773
36515 1155558
68221 24759
119421 1284632
1490443 1490442
164993 148942
291415 1292158
1466213 373229
464349 304178
464349 304175
372988 1468860
723231 723232
723231 723233
17129 165146
140493 140494
615981 159261
548382 522261
617229 131892
106611 24786
1411461 1411459
1411461 1411458
1466239 1466237
1466239 1466238
730763 372289
1113882 1114550
1468218 1468219
1345882 305859
1071259 1071261
1071259 1071260
139459 139456
139459 139455
361019 65446
1241991 1446059
1465217 1465216
769863 38449
10351 24745
106747 106707
1416920 163343
1188271 1416395
24781 24779
259913 410013
15121 934146
723593 723594
3711 522261
67064 4537
465185 463632
1468280 1417130
723360 723361
253024 76899
155216 91813
1116479 553285
1153619 1153618
139456 139460
419052 472224
261806 71326
164154 164153
120165 547334
1465924 980288
464122 575570
548392 876873
1114508 26861
22872 1218642
1166090 1166089
1154990 1154989
937809 601600
466296 466295
678543 1447151
1466235 1280815
1468233 419159
1258239 1031287
1430698 1430699
465503 465502
164799 160668
875874 1112295
252234 252235
139455 139460
1289688 1451104
24789 24788
1468778 1110571
165059 1114826
105932 179370
723166 213846
1345555 246833
1467515 373301
548382 121987
113738 371386
372566 1467580
1289934 45812
1039771 1289968
772389 1207552
851919 400061
141942 141941
141942 141940
120165 153905
1156018 1384286
139738 346972
464397 464398
78885 1490775
371272 514022
723225 723601
734644 961855
1430620 538948
775409 775411
303243 41089
463630 465185
393551 934744
513994 400061
371794 1282368
69096 170816
141694 144658
1292378 1292379
1068041 1068040
373229 1125001
1205709 87323
464686 464687
106603 163330
67898 1345707
723166 150244
1468859 372988
548382 548383
356684 43504
548382 49008
335152 158998
1153570 1423041
1153570 1423040
2559 1166127
24747 4537
1346409 860169
163231 465747
61786 114157
784812 1345715
677695 211738
163846 163847
163846 163848
209133 38449
464495 463956
465163 123673
106603 165144
163926 147491
1416742 1416654
563505 934440
1258410 1258408
463853 464987
122523 215406
1490857 155610
464798 464380
463918 463920
1292421 1292563
1072909 1069956
1416395 1416396
140257 67228
769797 120165
717475 372548
1448396 1446059
159331 1154322
1129421 1129001
97835 1345923
806979 1490672
1283543 70032
1345779 491098
139459 139460
372044 1475821
837069 147446
356653 1332505
106603 464936
934490 934489
1451275 464654
1108777 1114860
814143 1154209
114730 1081600
288081 164437
1129422 1129001
1345529 1345530
464813 1107172
49511 158167
24773 24774
466033 466032
466033 466031
1430620 1430618
1382590 84601
148941 16952
36515 1154989
5425 5424
48654 464568
1457414 1457764
36193 143907
464900 464899
563505 934903
465908 164213
723478 723477
1410852 234127
372083 465655
1467683 1495934
548382 1458834
543341 428263
251291 874657
371536 934919
1154477 388320
271731 1382829
146582 146425
226930 851966
723079 723080
1346334 115750
1219959 465697
371200 1411491
934741 934740
402930 569468
465151 465150
464647 18588
163356 163357
139845 139844
139845 139846
110350 876390
1449524 1449525
133673 837182
24744 24745
1129614 1116604
1218836 143399
463957 465163
36515 1154990
1289670 313431
934552 934553
935111 935110
69050 185320
463631 463632
1033760 1108736
27407 82989
91021 1465924
808014 1384319
1430619 1430618
836986 419226
140924 1154477
1061659 1490442
597471 234127
106611 24785
723178 723440
88646 163717
934784 934783
934784 934785
373082 702311
1112397 1112398
4402 723067
1468508 1468507
303243 144211
775411 775412
1129001 1129423
617822 876948
723544 723543
213285 934611
72308 1046449
1345549 66999
393551 215062
934100 1345988
68221 445583
164807 1289968
16968 24783
1446286 1446285
375444 225489
1071261 1071260
934763 934764
67535 24753
7257 46776
163234 40952
463918 463917
463918 463915
108467 1346303
24739 2896
1222507 498226
165146 372548
1345909 371208
1345909 1218746
462305 1448416
624140 907116
163231 163232
163231 163233
163231 163234
211738 1104098
1114005 71680
222581 596347
464093 464094
66827 727245
373446 1345910
140216 465632
40293 465177
1111885 1111848
934562 538347
775412 32336
934747 934748
163792 472224
1468912 1468913
321487 934534
463863 67030
1465955 1465958
1465955 1465959
1465955 1465956
1465955 1465957
837156 837155
464552 464551
464552 464550
212117 29313
1289934 258924
1219616 1219660
934410 934411
548383 49008
1494239 1494238
24726 303682
1218913 1491048
851746 851747
140383 140382
47394 1451100
1127742 465946
1111988 1111844
1219733 464199
723279 723216
1108156 76899
874591 165146
683290 196052
466294 466296
466294 466295
266202 528076
1384462 678543
143399 1128113
158167 934947
491805 437928
1072485 774463
1138670 612728
1281876 1281875
194540 1345679
1155657 304148
197810 159144
29790 3340
194540 372345
145481 144980
1289670 255402
420342 876873
1447873 1323173
371536 934920
213285 465083
41299 1467662
69026 143669
344408 547334
1155512 379764
213410 616405
723304 723282
522261 121987
68287 3708
723432 723252
356684 32827
282673 48805
14365 10351
934327 214764
303236 69411
1466194 1466196
1466194 1466195
26319 1283623
538948 1430618
723226 652902
303377 122362
76372 75059
300729 211418
61050 67098
1459713 1326467
1155937 201958
1065960 1382801
4402 464705
1282214 1282215
1064072 1064073
723529 723084
1345531 112080
159144 506044
1289778 1289777
1465958 1465956
1465958 1465959
371890 50278
213285 934603
1332596 1430486
314565 371208
1069956 1072910
110350 1115433
1129422 1129406
1116617 371160
723432 723434
723432 723433
1060669 1351426
164699 24775
1446707 1260071
146137 144980
400061 253308
1465311 1465312
1219960 1219959
1116618 371160
1467446 822927
723496 723495
1211617 4246
1116536 1116537
775412 67030
24764 992967
1207636 1207637
851920 400061
1411461 1411460
1116663 1116664
32827 876873
344502 463819
344502 463818
30681 373136
1283581 1284673
723232 723233
723232 723235
723232 723234
1116655 36452
723604 723605
723604 723606
32089 402078
316886 1459713
548383 522261
176319 346557
162535 702412
1218924 592170
371805 522261
1468513 1468511
983882 601600
163505 164805
163505 164807
1451531 493866
1416615 1416767
1338263 1346325
423839 233877
1115547 165057
1489097 1409223
1526171 1258469
1129421 1129423
464409 464029
907055 1526171
723388 723389
723570 723569
336416 1155986
1346122 382382
66749 1282999
66749 1282997
1218477 1108777
164195 82523
163955 148642
934266 934267
934266 934268
934410 934409
616259 147367
46880 15084
775409 463863
59180 1289802
1346262 98439
373220 465054
1465672 1465671
1465672 1465673
159174 723225
1466236 1466238
24780 24781
689423 1282198
1468369 464857
356684 314157
209133 68831
998444 44625
371208 1218746
150244 213846
1292377 1292378
1292377 1292379
37089 372988
1282017 1282018
1053508 97377
625400 372408
791116 465064
723481 723480
142247 142244
723278 723216
16596 1595
1465398 560840
514229 372673
1457261 371967
463853 464380
139458 139455
121058 723096
24783 66385
465804 1346131
1345940 1345941
464409 464798
38449 775261
934659 74973
522261 1458834
1449329 1448093
24712 24761
724438 1154591
1458784 35538
344502 464758
464798 464987
213896 33397
1416654 1323346
161266 160532
1207539 1207540
465262 465502
67161 769863
402056 66620
2323 1423030
113279 1213347
1449131 1449130
723438 723439
723438 723436
196873 1153568
78734 81822
141342 141344
163631 164249
139609 139610
1350065 678543
464984 1081671
67587 19729
32927 19729
1116617 371159
465393 465396
465393 465395
106611 371846
144658 1346077
5437 466106
1289931 385564
140496 140495
1039297 1081987
935117 214621
1351134 1410811
143907 830909
6999 1114868
1350342 1350065
465152 465150
1467579 1467580
304227 144128
616268 616269
648122 723601
143669 1467514
723450 723451
16968 66385
321488 934534
225483 496968
723272 723642
142244 142246
36452 33596
165059 172535
140698 140699
59109 59045
1345764 466109
775411 67030
371415 35538
32827 314157
624168 624167
389656 934519
723595 723594
321488 18606
1116617 1116618
267117 267528
851708 851709
1345571 1292279
163235 164437
141694 1346077
1384462 1350065
775346 775347
18581 164799
1129300 372709
70660 2222
1282117 988267
37174 1345997
1459713 1459712
288081 163235
1451253 1451254
93924 170816
464029 464987
49008 1458834
1220372 1220375
1345617 753803
465797 465796
282673 26061
10351 387047
934460 934461
934460 934462
1127467 513942
876873 373319
67375 66620
616675 159135
91021 980288
98188 24745
1345616 1345615
68221 1346000
106611 163330
1212345 1211165
140856 66300
164807 1039771
1218836 152951
73537 72097
98627 1468778
415686 1384138
373249 106707
372181 32804
1430686 1430687
465200 831000
39971 36452
1465671 1465673
23885 139748
851268 163950
617904 617903
1451531 122803
164893 140134
625391 625392
625391 625393
61788 46880
723235 723234
723235 723233
253024 1108156
907055 70032
751500 754523
371208 373446
1468218 153515
464349 463631
464349 463630
1466239 1466235
727358 49008
419545 304314
49008 522261
1345530 73848
1081671 1213347
1466236 1466235
934144 8448
303378 423765
1039709 1258891
617430 615981
355328 935127
1468218 1468217
1466237 1280815
17129 1595
934894 934895
182994 143399
1283543 226609
66665 3708
139609 139608
61788 15084
140493 140495
140493 140496
66827 145256
1219021 36452
107338 373387
1345527 1345528
723270 723271
49008 121987
1068114 779596
304141 569960
646278 97377
163330 24786
1129422 1129421
1129422 1129423
1155473 1155474
934545 934546
548382 371805
128062 190799
304148 1155656
1466235 1466238
145540 145539
953754 66999
1219733 1219937
373244 775346
139457 139456
723582 723583
723582 723584
1346246 1346244
723357 723356
304175 463631
304175 463632
597471 1410852
179370 402685
1465757 1465758
40746 465655
24751 1345895
1416741 1323346
1465400 560840
889038 1096898
934996 387047
1211171 1081671
616321 616322
1073304 1073302
32321 3708
17526 1346077
1153625 1153627
1153625 1153624
69946 1410940
68831 592041
1290002 26742
1449131 1449129
1212731 293282
106643 400396
420342 373319
16270 165146
1345594 18041
49008 371805
513986 1447873
106630 38778
1219936 464199
1346066 1346065
1346066 1346067
1207650 1207651
140494 140495
1346408 1346407
3712 371428
466133 466132
1465639 1465638
1465639 1465637
1219937 464199
145783 164221
1448101 1448416
1448101 1448417
1345823 1345824
4465 163473
1153624 1155520
723437 723438
723437 723439
723437 723436
465585 465502
139503 139735
1115547 215630
1345904 1345903
775341 314522
226928 148045
1383679 399931
1346170 1346171
445342 1345863
71570 723613
396760 371386
851311 763738
144516 144715
1153662 1154030
70660 16270
1356814 316886
897880 934744
1466213 1125001
106747 373249
215630 165059
215630 165057
463853 464798
145683 324158
144516 144515
144516 144514
226637 1468913
139611 139608
934744 215062
1466239 1466236
1289637 1467439
371805 121987
51024 1345773
934888 934887
66784 1218921
267089 225512
934440 934442
464409 464987
1154591 1155920
1466236 1466237
35688 143907
250112 624340
465152 465151
465152 465153
163965 36956
465695 465696
548383 1458834
5463 38449
831036 215704
1282018 363971
142690 1345986
187694 1346294
252952 68032
980312 1153612
222959 91946
513986 1323173
33278 33276
1447852 1448785
727358 548382
1153625 1155520
1346037 68440
1383284 1081721
465463 463863
66999 1345895
723173 261161
907055 1258469
106584 250059
145830 1284254
176931 1289753
176931 1289752
837071 147446
680388 1459748
1345529 73848
252733 24775
142443 140259
36452 122362
717475 165146
727412 44784
67535 32777
27157 1116509
27157 1116508
723634 723635
1345761 965595
197810 506044
66983 266892
934519 77160
1283473 1283472
1114548 1045870
605598 44199
120165 371041
234115 775335
163746 163745
1153626 1155520
158168 934947
723236 723235
723236 723231
466434 464613
66665 267117
769863 5463
465885 465886
1459712 1326467
146622 100404
1116655 1116656
69946 68221
1490763 1289996
465463 465185
139675 142527
1411188 1282034
1258407 1258408
1220411 1219699
303377 36452
2222 1289996
464813 774676
845861 423765
368847 506099
463916 463920
69946 24759
465151 465502
464106 464105
464847 164476
1166137 830947
723166 59261
1466237 1466238
1466237 1466235
723417 723418
1491230 172922
212519 10834
231301 1166192
1153687 69096
1154393 206682
837071 837070
441233 279246
225512 775354
3709 3708
38322 48654
139457 139460
172535 227055
24764 993002
1112190 372096
267029 267528
920462 371240
463630 463631
465585 465151
466436 464613
897880 177211
1111737 1112134
1410769 1014607
24746 160668
1259247 1258580
464092 464094
464092 464093
162397 464647
139611 139610
163717 702412
139458 139460
1115253 28817
1289668 164221
1156040 256015
1220373 1220375
1449273 1449274
1064071 1064072
1466196 1466195
162397 18588
464303 372502
857653 1346043
164096 851268
1467515 1467514
67039 99849
5441 444966
1346225 1346226
1467444 1467445
225489 100404
165059 165057
329067 1384267
724438 1155920
227322 69864
130406 1384563
1345960 1345962
1345960 1345961
723605 723606
624160 1108929
513994 253308
934100 600804
106603 371846
1468476 145527
402140 153905
1219959 1219958
373300 1467514
373300 1467515
16946 569468
775410 32336
420584 1108970
164677 1128667
106603 163593
145159 145158
463919 463915
463919 463917
934562 934563
464669 1435209
401941 70129
1166131 1595
21831 630527
66999 372345
5463 775261
464039 163231
464039 163234
1345618 81786
1258338 96574
775345 775347
624124 439842
145559 145558
372709 372708
464231 464230
147446 837070
463878 463877
68831 1459917
464984 1212731
1115547 165059
14365 934996
723575 723576
464029 464380
1345742 371208
163248 1384056
82523 267029
140216 868753
1411398 1218687
144515 144514
164807 164805
372408 372083
23163 466333
138978 142954
465730 465731
723484 723483
371208 1345910
595439 18588
215062 177211
1153626 1153625
1153626 1153624
1153626 1153627
1072909 1072910
24799 24802
24799 24803
24799 24800
24799 24801
24753 768797
992999 1112011
466505 1346408
466505 1346407
1154224 583942
1448417 1448416
141190 141904
10351 934996
2222 16270
356305 723255
548383 121987
934189 122523
1346058 1346059
102537 68831
934842 384144
1219616 1219615
23248 31094
177289 33426
48827 371043
891705 106631
214362 215062
1112154 2506
38482 1116604
1259377 845861
163623 163494
28198 530530
37089 1468859
1257947 1039411
1346409 1346407
1346409 1346408
1177814 830943
373446 1218746
72121 723292
548392 32827
4028 76899
1081863 1155156
1107172 774676
464936 372288
24778 24779
106575 24712
106575 24713
211821 215406
1346245 1346244
723611 723225
164096 571248
1521603 1521602
723542 723096
1219021 303377
26061 48805
148964 571248
574943 19903
1383640 91813
139503 143633
934189 215406
1346335 115750
372408 465655
141336 141337
141336 141335
18022 465886
18022 465885
612244 46908
423752 512896
617595 617594
1382853 155206
774463 1411416
110412 775297
110412 775298
775409 775412
775409 775410
24801 24802
163950 148964
419767 419768
252458 252456
145557 145558
145557 145559
106603 24785
1284654 1284655
162397 595439
66679 163389
1111953 1111954
142245 142244
142245 142246
1350342 678543
163950 571248
128132 146622
1468509 1468507
33087 86322
1490763 2222
874605 370982
146792 146793
688522 723520
769797 749129
723542 121058
1468332 1468333
141335 141337
5460 19903
463630 304178
463630 304175
1346308 337448
715390 63635
314565 373446
983882 1465279
143593 58364
323847 466299
934745 934746
1468476 1468475
120165 68408
1241991 1448396
1448417 462305
1116509 1116508
1465278 1465279
163623 16952
1430569 1430567
1423041 1423040
625400 465655
371159 371160
18578 506044
227322 465205
981973 91162
49783 165146
372813 1207636
155206 522354
1350065 1447151
723436 723439
1071654 1060669
24774 24775
32336 67030
24727 24725
1068042 1068041
1068042 1068040
465247 465246
140924 388320
826090 176931
1465278 601600
48827 402767
5425 857645
1430620 1430619
464100 464101
165176 1351528
465384 1126406
1115296 1115297
625392 625393
1356814 1459712
1356814 1459713
254610 67639
373244 775347
63635 65961
344408 120165
150244 16612
934931 934929
316854 595413
980288 1465727
463863 775412
715390 65961
996563 179307
129891 35538
163494 148942
727358 548383
24717 24718
24773 147491
723458 723459
1346051 463830
59016 8011
67375 402056
1112207 1112206
465693 465694
1465957 1465956
147446 806087
464409 464380
463847 463848
463847 463849
723357 304064
775410 67030
934267 934268
935017 935016
935017 935018
344408 68408
179305 3251
1410887 1255567
1207686 1031657
1451105 1451104
120165 402140
466333 24718
1423041 1423039
1411460 1411459
1220155 1127228
768796 32777
775355 465436
182187 10718
1451532 372308
179305 179306
1065960 294783
830947 60558
796327 213015
66665 267528
1467579 372566
24790 24788
371653 148045
41089 144211
282164 26061
1113812 77835
24726 24725
1155501 1155500
1289668 145783
612244 723179
304350 723478
304350 723477
837153 303327
445484 24757
1128023 346034
1218746 1345910
373387 70323
352554 885416
552939 64536
419275 163858
321488 321487
139458 139459
139458 139456
159331 934422
934551 934552
934551 934553
463916 463919
463916 463918
463916 463915
463916 463917
143722 146364
1411294 1411295
465819 852132
393551 177211
463863 775411
463863 775410
145481 146137
775280 775281
71654 225493
730763 1107249
1346440 1346439
465094 163907
860169 1346407
24784 24783
139645 139647
464454 934842
723584 723583
163809 1495787
163809 1495786
373426 214621
677695 1104098
146137 144501
145578 140259
401940 359356
851920 253308
59016 1346125
46880 19729
872362 106575
1451533 372308
37656 463925
1289672 85030
1468912 226637
857653 1127967
1446346 1177794
139860 139858
139860 139859
465585 465262
937809 1465279
937809 1465278
24785 371846
372408 40746
1469010 339003
304064 723356
139457 139458
139457 139459
139457 139455
1163487 439167
552939 1081987
163757 163756
420342 548392
1219936 1219937
1475905 695362
935060 935059
1114776 73028
723118 185360
1041127 1099226
149008 160528
934931 934932
934931 934933
934956 934957
934956 934955
775264 372384
163526 464105
163526 464106
140216 69878
868790 112080
165207 165209
602581 1155838
463616 163809
413954 67220
338621 51872
24753 32777
1166137 60558
548392 373319
463969 464483
147367 616260
147367 616261
465463 463630
465463 463632
723233 723234
1207651 441067
464029 464798
402296 5426
1475959 1475957
143399 152951
33008 65446
1465279 601600
1039297 64536
175962 214560
463630 463632
1213071 1153971
58435 1112337
1211860 1211862
337143 402416
163593 372288
1116663 464246
1289753 1289752
143725 146364
1468400 1468399
897880 393551
1416742 1416741
158168 158167
98627 1110571
66737 66739
1489100 1489101
78163 1114776
139646 139645
139646 139647
1467487 1467486
1072260 1072262
1072260 1072261
464984 293282
36452 1116656
723476 304350
371661 212152
464764 851257
250789 1451465
211570 934605
36452 139413
1128731 1127688
807351 934562
807351 934563
1289968 164805
72116 72117
155231 702840
179349 142803
656309 1468799
1155519 1153626
1155519 1153624
1155519 1153625
14365 387047
775297 775298
723476 723477
1220374 1220375
1220374 1220373
1220374 1220372
1078922 1068114
316886 1459712
1071654 1351426
769863 303646
1475869 1475868
723231 723234
723231 723235
141932 141933
1521604 1521602
317507 71567
1468508 1468509
146622 401771
427596 420346
139413 33596
1258410 1258407
76468 1114252
1468561 164528
445533 465150
24713 24712
221260 961537
163477 1309038
1323813 694062
373300 143669
775411 775410
464201 1155189
67574 1218653
226113 464820
371500 1116652
48808 32788
58940 58941
1490443 1061659
934411 934409
1129406 1129423
1129406 1129421
514705 326912
1346245 1346246
1220373 1220372
1280815 1466238
934785 934783
1346143 1345648
139847 139846
139847 139844
139847 139845
1345961 1345962
1068041 1068039
1384559 1383475
1289637 1467438
69417 68360
965595 1345760
1289674 167976
539119 1468420
1468641 1035654
851248 160668
1465601 1465600
19903 267528
464120 464119
165108 165107
165108 165109
163370 147467
146582 466025
1072262 1072261
1078922 779596
314545 837197
33577 398321
1222507 1416904
213414 408423
17403 23885
934963 934962
934963 934961
8448 934143
808014 1015332
165107 165109
24744 24746
61786 423765
221822 22102
139609 139611
1383640 155216
164096 163950
465769 465770
140216 559564
464928 464929
144177 139044
465697 1219958
1163487 98188
120165 749129
465262 465151
1111796 372858
145498 140699
727358 522261
934919 934920
1385517 1468433
1116585 139748
107236 727200
1423040 1423039
775409 32336
372305 1475926
1411227 1281947
1219960 1219958
162535 163717
147482 301190
465988 465987
165165 592041
68408 254447
1345988 600804
1467515 69026
303327 837138
410159 3715
1112086 1112085
1467444 1467446
1155193 1155194
463919 463920
1289812 1289718
139148 139149
32827 43504
15643 1451584
831048 20066
464613 466435
723433 723434
1350542 1449129
723278 723279
1154742 875902
24780 24778
24780 24779
165006 372180
1468512 959882
165165 68831
211648 1383986
24800 24802
69026 373301
163232 163233
463849 463848
1111732 809672
464647 595439
775279 775281
775279 775280
78163 73028
1430568 1430567
1430568 1430569
1282017 363971
300729 16270
81213 139615
33046 1382747
1447340 1449810
1410971 148950
1207650 441067
1346160 1154523
1219733 1219936
1068042 1068039
723131 723132
723131 723133
625400 372083
1073303 1073304
1073303 1073302
463917 463915
1345584 1345583
465901 1495939
769805 238598
1467446 1467445
1409223 128062
2469 4062
163926 24773
420342 32827
934285 934286
934285 934287
238294 723561
139859 139858
59045 58922
1475958 1475959
1475958 1475957
506099 33087
1283192 68032
24764 571244
22872 165206
24746 851248
934287 934286
1030631 447252
1382801 294783
1322994 1447541
226609 70032
1153595 1155908
66673 18070
769863 775261
13641 136571
1116684 206947
876961 934255
143014 146425
67535 768797
67535 768796
775263 5463
934100 1383670
1384535 326858
24794 1451115
1039771 164805
1465278 983882
335152 371455
723219 723218
273305 33008
1410848 1411491
547387 360292
897880 214362
344454 213285
466436 466435
466436 466434
775345 373244
249459 1282348
465487 603919
1467445 822927
464728 463775
617324 163847
465769 465768
143725 143722
372181 373163
82711 385564
145836 159144
1112328 1112327
3719 837148
934933 934929
1259349 1259093
530409 1029448
591748 1155652
934144 934143
1127504 143013
5460 830909
1289812 433593
465908 24775
164892 140134
1465959 1465956
38297 371208
1465400 1465399
1465400 1465398
165176 1468561
778410 69279
1211861 1211862
1211861 1211860
1289967 507767
1154548 1154547
145527 1468475
1416904 498226
140221 112080
723571 723569
775263 38449
371159 1116618
851268 148964
876390 1115433
2328 363971
44564 32804
402899 1108834
211821 122523
1166152 477058
1346065 1346067
826090 1289753
826090 1289752
373300 69026
24800 24801
1211863 1211860
1211863 1211861
1211863 1211862
1345885 141420
252733 164213
465924 1451438
465770 465768
69417 317507
27819 1282107
106603 372288
1111891 1459552
1060669 1445982
463919 463918
464194 424066
198341 1212372
1081671 113279
1468421 1468420
1445848 1448396
463917 463920
1411458 1411459
465152 445533
38322 464568
723212 317554
723132 723133
1346334 1346335
775409 67030
851624 553156
254174 1219699
113738 396760
163505 1039771
465804 187255
1282368 446356
144715 144514
144715 144515
25592 725187
7899 1292001
1449131 1350542
851919 253308
40968 42715
934692 316593
618479 400396
177315 177317
1166187 1218911
934461 934462
768797 32777
1465637 1465638
221612 934516
447225 2133
1495786 1495787
723256 356305
1116664 464246
38297 143126
1465957 1465960
1495802 1495801
164891 164892
164891 164893
1468217 1468219
1259248 1258580
1127287 1127288
1220590 1220591
1116655 39971
1467438 1467439
837069 837071
313431 255402
94010 1475888
314565 1345909
934903 934440
165208 165207
165208 165209
1258604 1258603
464454 384144
372813 1207637
545396 401871
513994 851919
170777 463974
538948 1430619
1039780 1258010
684171 653841
768796 24753
775345 775346
1468513 959882
231342 375449
144976 214560
164891 140134
150244 59261
1154239 1154990
254610 1467859
143399 1129083
1410848 371200
37656 163593
163344 4169
1465398 1465399
1346405 1346404
1114826 227055
1345619 90031
1220155 225493
1220079 254174
93924 1153687
1351528 164528
1465958 1465960
1154916 1468056
164892 164893
371455 158998
723390 723389
3715 402829
1116537 371373
373266 934331
373266 934332
934932 934933
1451105 1289688
934331 934332
463920 463915
255884 419293
24784 16968
179310 1116816
1257998 1030631
1467515 143669
466434 466435
165106 165107
165106 165109
165106 165108
1129300 372708
1431019 1431020
851919 851920
1346399 14570
727358 121987
78641 1346300
1292563 1258555
98188 439167
163477 1411141
141939 141941
141939 141940
1282999 1282997
1467796 2517
1154809 511370
464984 1213347
24716 24715
32927 67587
164213 24775
851746 24712
723593 723595
40746 372083
1204880 1248525
420719 1382993
18574 161454
837069 837070
723301 723300
1416742 1323346
1423084 1188777
466505 860169
463853 464409
463957 123673
934916 934917
465153 465150
465153 465151
163856 163855
303377 303966
1466236 1280815
370979 1103609
24773 24775
163331 24786
93924 69096
934755 934482
67620 102537
1045870 1207635
267528 244971
164799 851248
368847 33087
1468464 1468465
934930 934929
1116585 23885
164923 98188
934189 211821
36452 625382
1155657 1155656
1345761 1345760
1220590 1220589
1468518 1468519
139608 139610
372217 191524
465394 465396
465394 465395
465394 465393
164923 24745
1468864 1468863
165176 164528
210818 463855
69441 748240
1116536 371373
314565 1345910
3719 504690
1350342 1384462
1430698 614803
66845 625379
433593 1289718
934915 934916
934915 934917
1219021 122362
513994 851920
67620 68831
1468511 959882
93924 1153881
24785 24786
153515 1468219
1283543 907055
1430699 614803
662514 1382638
625400 40746
142247 142246
142247 142245
775411 32336
723363 336771
723256 723255
618632 402842
1154239 1154989
616261 616260
303377 24726
937809 983882
1073301 1073302
1073301 1073303
1073301 1073304
371794 446356
1129614 38482
831025 267528
425814 599218
949654 1346250
1154757 363875
142443 145578
1345909 373446
143669 373301
1430486 1430485
934932 934929
465695 139978
723611 723601
1346376 363875
872395 1289934
1466239 1280815
463863 463632
463863 463630
929688 720346
304428 303541
142926 142927
1445848 1446059
1350542 1449130
876947 617822
775412 775410
305859 398836
617999 618000
153515 1468217
1382853 522354
423947 1030640
1133175 179341
1345645 144718
141343 141344
78163 1289934
24803 24801
24803 24802
723283 723304
28198 33263
723433 723252
463863 465185
18586 6861
141940 141941
727245 145256
723283 723282
1129406 1129001
775383 775384
934441 934442
934441 934440
303377 303682
180977 417286
321487 18606
256015 1031645
723236 723234
723236 723233
723236 723232
316886 1326467
144658 17526
1108716 842540
82711 1289931
165314 165315
934782 934783
934782 934785
934782 934784
1609 532574
159331 1115224
1064071 1064073
874566 830984
548383 371805
1465960 1465959
1465960 1465956
463818 463819
1351528 1468561
163330 1029250
1346409 466505
76679 420406
128132 401771
934893 934895
23163 24718
1128866 1128867
1218740 1410957
513999 851610
723528 723084
1108706 1108705
303646 38449
464984 113279
24778 24781
371805 1458834
214362 177211
1127967 1346043
1292421 1258555
33263 530530
1154239 1155558
75241 130406
139169 146118
1033180 464495
304175 304178
506099 86322
723529 723528
226609 907055
1468730 373385
314565 1218746
165059 366339
36515 1154239
1465399 560840
1346341 1346342
723494 723496
723494 723495
139844 139846
254174 1220080
303378 845861
16596 17129
24726 24727
1489097 128062
372158 372157
163234 163233
163234 163232
617430 159261
723314 403048
267029 244971
338381 1061448
66827 874530
24498 181086
1211171 464984
163331 106611
39971 1116656
1282301 427668
82785 225491
1467444 822927
768782 372181
16946 402930
221612 164073
1114083 1113812
293564 934255
140240 140239
852001 852000
72116 72112
1282998 66749
189775 679305
145481 144501
88646 702412
723252 723434
303646 5463
24746 10351
314559 68195
1258404 1258405
1075102 1345961
1075102 1345960
1075102 1345962
1259248 1259247
934955 934957
1064115 1064114
1211171 1213347
727358 1458834
464039 40952
100193 165059
897880 215062
393551 214362
1346413 66731
267029 20066
211738 58964
851747 24712
146622 225489
466032 466031
94236 276704
1345909 1345910
464965 1460015
128145 1282649
625394 625393
625394 625392
625394 625391
858514 1430574
1081987 64536
303646 775261
213285 225689
934964 934963
934964 934962
934964 934961
66827 120165
723390 723388
464380 464987
106595 38778
1211165 1211166
2556 464388
373185 1345602
466048 466049
463853 464029
24800 24803
69878 559564
26460 139363
876947 876948
76954 70208
164735 164736
1445848 1241991
1345882 398836
1033711 371967
538347 934563
24772 24773
24772 24775
24772 24774
1411458 1411460
36193 35688
368847 86322
1383571 82522
851268 571248
1282390 1521586
1346408 860169
1451533 1451532
106630 106595
1153712 1153711
1258409 1258410
140494 140496
71945 1154523
70420 423466
1448101 462305
373163 32804
935018 935016
934707 934708
163331 163330
66983 410151
141281 142527
8011 1346125
934894 934893
1155478 1153762
37089 1468860
1465957 1465958
1465957 1465959
723571 723570
78779 1369264
874638 143875
164993 163494
33577 830884
122803 493866
69417 71567
100193 366339
1155519 1155520
141343 141342
1346388 333758
120165 145256
1220079 1220080
723110 723111
1266227 1465146
373300 373301
24740 24741
3251 179306
1068039 1068040
66999 362846
359961 1292404
144501 144980
1389582 385725
1282664 1282663
306499 324158
876961 293564
163231 40952
445342 465655
1356814 1326467
464217 464216
164308 24745
165059 227055
226928 371653
75368 1383948
121987 1458834
1465153 1465152
1449129 1449130
371214 175424
163629 617983
1212653 1212654
723640 371911
67039 1345719
71945 1346160
1466229 1466228
1219003 1219004
100404 370982
33379 122235
464349 463632
1521604 1521603
1153624 1153627
372591 142803
372288 371846
1219960 465697
1071654 1445982
464022 36452
1346064 465473
1468512 1468511
1468512 1468513
934962 934961
