24759 163809
362673 167976
33154 33024
162426 103877
106603 106611
106603 106612
526081 526078
526081 526077
17930 160128
33023 32948
596329 152951
68035 42613
165023 33705
1154330 898779
163965 1359407
33577 2560
27407 419596
306394 410077
123749 38449
1365306 1459586
957472 147402
163331 148975
1259337 1292648
398553 1162490
139842 139249
303694 163792
86285 86286
250099 33288
80088 88432
754490 443711
135421 76
466099 164518
372695 5463
24759 33384
143825 143824
2560 306394
75445 76899
16270 372110
42420 768324
92440 92439
142778 140754
457995 267447
1448472 1448473
227322 1218910
845985 845986
876462 28198
163782 505241
462134 470823
1135409 1135408
74811 74812
1490599 1471954
869025 869024
869025 869026
614701 614700
93924 355334
218200 267089
92160 79795
419088 85962
236506 1289821
93070 78592
869026 735283
527172 147493
83483 83482
190366 624290
93912 527172
148954 33003
400225 399890
144989 144990
144989 144992
769798 225512
67125 536239
809647 67723
1411124 26790
1445848 1449450
2510 131911
735700 25582
526168 526169
163792 33313
99700 71370
253937 846132
65930 497669
481708 130468
99473 99472
1490248 1061370
526293 526853
73795 1113959
1036520 1350469
1258022 1040932
624248 428475
464172 464173
410008 372665
1490664 67105
46374 846116
163717 543326
163717 543324
1258887 64457
778351 778350
934351 214373
1490755 707524
163330 164102
769892 346803
413955 19903
1490353 2224
1292530 1292531
424115 69612
465067 465068
465067 465069
1303293 554769
1127905 464312
1490248 1490250
618759 544551
421240 1070019
559227 558900
559227 558901
1219857 1526320
92733 73028
618378 27835
88562 17403
267029 19903
346817 38876
1139967 1139596
177300 306394
212954 130417
210871 1359396
1258067 1488664
92888 73028
68221 66749
1282584 371339
372701 16613
2535 33233
830961 46717
301309 301310
797840 37005
131839 2494
164670 148975
71356 81369
1411299 1411548
1070313 1070314
139182 1435175
32927 40739
1491395 1491398
1491395 1491399
1491395 1491396
526229 951346
177300 33046
160668 42371
1490372 1463283
59261 213846
775343 304063
696021 140264
76989 73489
248137 227322
1490651 1490650
1104445 1447122
163784 23163
747160 419599
106611 165282
1483073 373454
27369 164407
27369 164408
77256 71680
400057 400053
1491388 109382
1075136 1075137
144560 139169
410315 173783
859956 859954
465858 42371
618384 128065
24789 24790
1450646 1128776
507648 809647
1107166 70026
559546 559547
552494 1366114
526171 526169
212954 139109
1078481 1078480
775467 122709
163428 13893
142900 139168
212972 371967
559500 330056
464381 464384
67799 141807
210818 160004
42230 868579
536232 536231
18070 106585
844358 729476
628782 1467322
121988 121989
79795 95739
123094 123938
1490190 1490192
934506 32321
559201 17395
94415 92733
141248 139910
465872 36452
49904 392056
283556 465892
283556 465893
283556 465891
68032 14122
32927 122235
399906 399907
399906 399905
129007 147479
528076 114157
1248361 1410957
210814 148985
353712 402836
614816 614817
17689 164221
586676 446456
526574 17846
139044 139900
330056 371147
466074 466073
66825 1116800
226062 463616
1258072 1258843
212295 144525
67921 67205
1154329 68836
595427 402325
120165 160128
1382835 1382836
59224 212972
164195 267029
87646 96589
548738 732673
72112 72114
72112 72117
571293 38993
845985 845984
464598 23316
91451 91450
481706 130468
373454 36680
27053 38695
301504 301503
830873 263672
303545 100407
464496 233825
23163 163496
145298 142916
87935 87936
87935 87937
414299 668018
177300 2560
143399 1526076
223815 753644
75666 35188
83605 3814
934829 934830
27039 868579
768324 147489
75414 88839
145182 140259
248137 63635
372665 410278
66271 30911
1129237 419459
197575 197576
769936 769935
1127453 1127452
528076 1129083
163965 48731
123467 344235
464382 464383
464382 464384
1430695 1430569
1491237 1491240
251291 39734
254445 132113
1491398 1491399
1491398 1491396
1141151 691952
165342 775363
1504156 372093
122226 373454
122001 401941
141268 144556
141268 144558
141268 144559
119421 1284632
19979 419087
19979 419086
19979 419088
558900 547305
197494 785381
5431 5430
1359396 16636
144991 144989
719159 719222
775260 775261
1107167 1107164
160532 1026999
1384192 114588
66983 67620
75899 82245
464184 15122
528496 83562
19572 1218526
141920 144089
844727 1067696
69441 66964
1467534 1467533
361072 128967
19597 11680
1107249 106612
361072 626698
163205 400173
1345713 4169
1207573 1207574
464449 35409
48915 15819
143912 143911
16270 33624
16906 16909
1491312 1491188
1491312 1491189
131796 67983
418981 715400
74043 78934
1162629 13883
887884 26049
33577 33623
33275 33276
33275 33277
68304 719114
106611 24786
506144 326378
155812 57042
768854 1490758
679295 187230
464106 774145
831048 1082247
7422 171535
304194 402296
935007 122684
145701 139168
1140200 1140202
1140200 1140201
131839 177319
66663 419574
79967 144461
226062 144320
397107 1467521
420249 420490
1258255 624129
164905 143907
153374 67587
250128 727216
69735 72822
74850 74852
4464 430154
935008 122684
372180 413400
71714 94741
7257 232711
64606 251883
82989 837123
139575 6993
361019 65446
424115 491907
465858 465857
303507 303508
177249 476972
727293 1417829
39792 1125907
446510 1259577
418987 1504204
536301 1417797
374602 273187
1104445 462064
372603 372604
157473 402325
32157 156277
874716 178814
1491281 1491280
141249 139442
2535 617285
114949 314522
1491401 1491396
205632 67799
139675 142540
19908 250059
624124 624206
162426 214087
344906 399853
118018 68880
543325 163717
1188271 1416395
1449038 1449039
268468 23835
253937 164947
217595 869177
217595 869175
775422 775423
155812 85962
837046 837047
526574 364047
371272 831039
614686 543319
140017 79967
123749 67587
67967 68454
87470 79934
87470 79933
64131 401941
226838 775434
226062 775327
667099 1128775
66496 48681
1383522 255402
624300 284384
163477 1385502
775341 304063
96241 96242
144989 144988
1288930 70553
1115117 961739
304338 66591
1103508 221477
140076 140075
140076 140074
140076 140072
526168 526170
536249 106592
876922 596428
466075 407765
987349 1040496
719114 68303
66825 353713
104684 1423006
1081690 1058372
934074 61433
43388 15084
1211959 1213417
147432 767947
68038 419867
423466 1475743
1488558 1366231
1146496 87437
146594 146597
146594 146595
146594 146599
84316 84317
372342 934840
1129234 419459
536257 105630
18565 153781
93853 93854
93853 93852
171476 171480
90218 90859
162170 1332500
141645 95863
594519 313771
656630 656575
1127155 1127154
614589 614588
1401693 2489
141060 141058
617334 32964
16943 447004
1060303 1010519
420720 313771
465858 160668
869026 869024
1491279 1491116
1491339 16943
1037837 47148
58364 1059890
1113812 1115315
141588 140259
1491239 1112011
559964 92552
11245 18041
165260 846132
656622 656533
775342 775260
775342 775261
526002 526004
702841 252227
157401 1416371
1082033 1082032
1075551 1075549
859559 859561
137653 1011497
545702 65972
146597 146595
146597 146599
143826 143825
143826 143824
775343 775261
775343 775260
303694 852185
303694 106603
1488 513802
32948 491907
266202 2560
371249 402250
89591 74686
141248 139009
374579 401871
1394328 68440
1078482 1078479
1490400 1490402
40656 164407
466074 407765
141268 139575
371137 2511
139475 536267
69220 1113829
18574 162564
427589 105941
382515 1491240
163717 767947
1128134 1128135
735700 690276
142900 142899
43855 14772
164892 1039317
547771 300116
36868 37273
1258325 1039876
418962 418963
1129236 1129237
106574 106573
29751 7257
146887 144838
2910 859292
329067 85093
214555 398400
1467964 1467965
130406 212504
1346372 66045
140073 140074
140073 140075
140073 140076
140073 140072
139165 143912
139165 143911
1127681 1128775
1345810 80755
1411587 1459693
423733 188815
596339 831048
181101 4062
368296 336702
67373 506011
1389548 1389549
364047 17846
163248 552514
31206 1449937
309100 279735
954451 1384432
1107244 36165
142938 142937
141427 139168
141427 139165
531026 347510
163626 163255
109382 97723
1116474 372490
458979 246711
164102 148975
421240 1070018
536284 536283
699566 656765
1386163 418961
1289956 16612
491893 33312
1468061 372927
1071522 1066925
935070 386338
69056 244971
526654 526101
32866 30982
1127905 1127906
420296 371158
195476 42959
371348 768838
567804 17129
75470 75468
113199 112184
190711 168518
18723 1490402
151083 624206
148975 852185
141694 144658
163888 42371
1141151 1141150
76220 75885
75241 1504041
1289962 18574
106603 163331
106603 163330
24785 852185
23147 162517
18601 162564
466457 163494
1068843 1077324
559357 559358
1289984 596243
1207655 1207656
464382 104190
2323 164528
13641 145780
37978 58304
76089 77313
1491282 1491285
1491282 1491284
140259 145183
210871 16636
144557 139575
1076100 812091
1113963 1410976
142213 142211
1490757 1490756
106603 24786
445602 415686
1490758 707524
859463 859464
23546 214134
338703 67349
24747 4537
386960 1042794
526041 526039
868874 423847
72385 72386
79933 87469
403962 104190
1127681 144745
267068 67843
1490943 1490944
775341 775344
1188271 1450348
89009 77175
162535 543285
66749 69945
774484 400338
167613 303383
592659 147446
254445 164769
254445 164768
146389 74179
144558 144559
34839 309513
27805 33383
88975 88976
1289955 1289956
420473 317495
88100 78333
86284 86286
86284 86285
172922 88203
858255 859827
858514 143565
1076906 1076902
227322 63635
34490 91450
34490 91451
94381 71887
1074049 876154
276483 217367
496921 419313
1070898 1070899
1070898 1070897
149732 164933
267154 154785
66045 419183
36382 59372
1351504 1351503
548388 5455
100404 164771
154990 217361
14772 656557
338703 415532
617285 27835
1494196 303593
4464 355207
558901 559226
75215 71800
816 526090
69612 32948
76562 73048
934305 161211
154990 42377
420483 420482
5455 2489
514004 106581
83826 73827
221549 3708
561943 208926
528602 14129
493845 306499
756137 1346223
756137 1346224
1039929 619873
1345628 66300
1073821 1073820
73853 87715
1448071 1450286
214701 214813
2560 372665
142869 145184
164102 106612
14256 477048
957539 147469
774433 35688
164518 466100
559500 371147
35870 114012
677071 136571
141645 146822
344240 1411266
418975 418974
276483 112080
2560 410152
2560 410151
74559 9209
1107240 532497
346915 214373
67620 19729
168730 402231
273058 1099
15256 307951
163856 163854
1027087 852167
303646 419709
66679 558987
1141722 1066465
1107240 1107244
1107240 1107242
1107240 1107241
1211996 1211995
18594 402377
410008 410077
164102 852185
74622 74621
1411124 1004088
253937 165260
86283 86284
86283 86285
86283 86286
774674 465060
1490508 1156025
547922 596329
1099 374602
147469 312886
323646 185320
372665 33046
400173 148986
699566 445613
143932 143933
148956 140134
1066949 1066948
400056 400057
559318 559317
33233 2511
1506816 116914
1157459 43399
1140199 1140202
1140199 1140201
99473 96306
511603 105904
83675 71370
163854 163855
72622 86565
72622 86564
493123 491591
543292 5429
33489 165165
365429 526490
858875 858876
858875 858877
1075138 1075139
252239 234700
957472 957473
1508567 15008
139665 144313
465872 5460
163205 148986
439517 18588
830896 830895
303694 165282
868820 868818
17396 83531
444966 1116474
476995 1154476
496805 35769
147491 163888
1332500 1332499
559352 446423
299131 996425
526070 951346
618522 618521
618522 618520
1394328 179341
177300 410278
548388 618378
163526 774553
447225 181098
6861 407765
398553 428475
88431 88432
93924 10032
948066 948067
508013 283306
35688 907076
859982 53534
67285 496921
526235 309031
935053 139109
373353 419087
373353 419086
1081689 1081690
79672 45018
143909 139168
143909 139165
1345547 1490517
1345547 1490518
934507 561783
252833 24712
301331 301330
445237 775423
445237 775422
303568 464215
77247 77248
93924 1504284
303694 106612
303694 106611
1490243 1490595
334956 248110
399980 399981
145182 142869
1081847 11680
1058372 316839
88646 543285
33313 371846
158741 934508
252206 252207
140491 43095
571293 619873
141342 141001
1074050 1074048
1074050 1074049
93871 93872
93871 93870
74973 934840
73165 73365
275803 19732
819300 1135070
10351 1491084
24759 159947
164919 164921
382515 1491239
441205 496968
476995 93924
766325 12586
73164 73364
868339 868340
1107243 532497
1508811 1258722
371339 491591
869351 147478
146056 146055
146598 146595
146598 146594
1039842 754493
69864 67349
160668 465857
67285 419313
1257980 2605
543292 14425
79671 45018
303271 304019
1490596 1490436
71819 75885
33154 359961
96005 420244
96005 420243
177199 2560
164920 164918
1490509 1156025
1129598 1129599
93872 262355
1070017 1070018
141000 79967
874671 445613
211738 934779
211738 934778
83157 285979
852185 371846
586711 211145
76989 71915
76989 71916
616741 906937
14772 762883
887895 887894
301319 764308
868507 530818
1078481 1078482
858812 858813
13147 499607
619873 38993
831048 1366114
402416 1289978
143909 141427
74558 9209
64131 402325
465608 496921
616985 42377
753641 753640
3711 23155
139046 59359
45875 681914
1129235 419459
176672 106604
57042 419088
57042 419086
57042 419087
400127 47092
1069398 1069399
526077 526078
141000 144461
45018 79673
341609 10041
1435240 1435239
1211698 372122
72259 73028
139925 146872
139925 146870
139925 146871
526090 526020
106611 24785
536307 289593
1258067 1017918
174944 934728
174944 934727
174944 934726
163469 24751
858789 139410
321541 596339
98170 212519
410008 410278
88646 163717
59180 28149
73363 73165
32536 402140
148970 33313
87218 75910
77176 77175
29427 419115
447292 1129295
214362 211570
473027 858967
742319 630524
464183 15122
283091 67723
934728 47222
234109 419023
139762 859412
526229 526071
526229 526070
33022 2489
1154370 1154369
18062 140216
1448071 69995
272960 1423070
702890 543358
197810 506080
92395 92396
1350624 1303293
1126406 481697
221174 1257940
1211331 1212379
371137 618378
473709 17395
237701 250044
80093 1490541
617144 617143
617144 617146
617144 617145
106611 148975
214555 135421
161045 163417
1504054 213285
769822 373413
853349 569643
1382902 73286
1129235 1129237
672352 563689
66827 267332
1166082 1166081
66248 1345659
1075136 1075139
1075136 1075138
25010 313771
91479 70674
218200 22872
83157 868937
212216 16601
23163 134034
372661 372662
213414 152993
747153 247994
88431 80088
949368 1491399
139705 139250
1366231 1103895
1154328 68836
1075137 1075138
1075137 1075139
79047 79046
98063 85577
140017 142938
140017 142937
205632 141807
33313 163330
14365 163884
87140 75989
73364 73165
934306 161211
1457588 1363271
210818 210813
146721 67396
594519 1039980
212520 105047
4126 536234
4126 536236
120165 139704
457592 227521
188815 181061
831048 1041063
143912 142037
935077 214164
79621 65370
76 398400
122185 934840
1250543 446510
7935 1158592
80485 1383537
1350624 554769
144557 144558
144557 144559
144557 144556
33233 618378
116914 1506815
162535 767947
70674 91478
114983 65905
491893 830995
595427 64131
322913 559295
191029 542129
1220506 1220505
356653 207836
303060 963458
139108 212295
868761 206947
11680 392056
283091 1114375
548388 617708
139316 875883
33154 121986
934316 934315
934316 934314
141207 141588
23074 214701
7433 17846
301077 14703
103877 214087
543359 543360
163958 164195
148953 727373
887883 26049
961597 1031678
84655 75050
1490302 109339
774621 774619
69050 122362
24787 247994
153374 67751
887894 402296
312884 312883
423847 47259
2511 617285
133828 14277
78285 76565
294849 41798
72112 73355
2556 418983
2556 418982
769822 38449
33687 148954
1490510 1490508
464968 163494
78779 79658
145639 145638
303694 164102
210813 769777
367229 231868
97254 91813
142539 142540
371249 214555
72061 16269
5455 1401693
164137 250059
304180 775261
614728 618521
746964 748213
76473 89170
128362 104190
303992 4502
418975 100512
18022 559780
148954 148972
79671 79672
1289934 258924
935053 212295
120325 1450645
85361 85362
85361 85363
772623 165342
1491396 1491399
164919 164920
164919 164922
372661 1461136
1258401 447435
1350013 473746
106603 1107249
140216 217595
161409 478534
1073643 1068843
465933 504621
935006 934716
372701 190973
78779 76989
353706 433808
139167 139168
164768 465969
164768 465968
144327 51116
420232 420233
148933 148982
163784 59238
1129235 1129236
1491397 949368
90288 71915
73363 73365
918250 67799
1309066 69252
1074716 1074720
1220505 1220504
767947 543326
67921 1126406
66825 114767
66731 1345881
2535 27835
68983 163248
683290 196052
371805 1467925
748376 748246
464253 464254
106611 106612
96837 451225
1352103 1450645
164670 106603
17403 1345876
33233 5455
42420 93912
177300 372665
78154 82736
372975 638473
775458 852185
355344 355343
355344 355342
2535 2511
63635 1218910
372190 1401693
830895 68175
735700 569468
35769 47139
874524 22930
1490396 669014
819300 1135071
97558 97559
421723 1385502
1073577 1077460
1345882 1346203
114767 1116800
334956 754708
160004 591812
110898 41014
59006 59008
303992 303993
1257946 1368210
420297 371158
206536 159314
1364601 1321257
91503 65370
1284053 907504
1490243 981670
352187 464449
558901 547305
309106 735713
819300 1135069
92990 85554
1495501 358855
748592 715404
159197 217351
144990 144992
1087633 58878
197810 159144
163717 147432
18601 4062
10882 1309124
181064 66955
410277 372665
252364 543334
400593 163568
1257985 284398
75060 75059
301070 301388
33183 179344
466075 6861
66496 715378
526079 526077
526079 526078
121986 267528
33119 375371
541305 59107
144089 141002
1029727 128579
747437 26473
631134 1490302
1468061 1283416
74620 74621
177199 2559
887895 402296
214558 214560
464773 464772
164525 536267
858876 858877
1113014 753644
462064 1447122
1220507 1220504
1220507 1220505
465832 465831
336702 93218
371137 372190
868875 47259
382515 1112011
347510 267428
659408 1135071
659408 1135070
659408 1135072
1508811 1491656
1074049 1072390
19572 153460
1503917 1503918
481708 481706
1345657 141420
71745 80930
41259 255402
141247 139009
32866 5430
164102 24786
164102 24785
67928 303586
59319 59007
106575 67445
1416460 1416462
1416460 1416461
1258177 402385
46126 1073643
160357 283306
226838 69654
362673 411694
68038 276918
420406 420498
355328 23289
106575 160668
106575 787239
20062 67587
1127083 303323
948045 948046
875719 1488791
464392 536284
464392 536283
614781 614653
1219027 65905
1351242 1351243
1068447 1072965
1068447 1072966
1068447 1072967
368937 122126
23316 214813
420720 1039980
164750 42371
569289 19583
76372 75059
36382 211012
1257181 141104
9117 13537
365429 526039
75531 73526
85159 85160
1459690 617118
321541 267147
1503997 363875
1450479 1448606
1468061 1468062
145701 143912
1224410 1219857
1292639 1045545
84490 76184
293133 426677
93603 174767
81170 1384192
1351503 1351502
248682 1129295
66445 1269701
113640 768244
67122 95967
410882 14129
19729 153905
465508 465507
143412 210871
147478 314117
934778 934779
139009 141246
464525 496921
1027087 1027119
1078483 1078480
1078483 1078482
25621 212216
109382 1491387
445186 130468
559686 559685
859885 859884
1522226 36382
1077459 1073577
464778 323976
1506816 1506815
83562 88244
1070018 1070019
1448474 1448473
1448474 1448472
1258272 1226725
139165 145633
217353 182433
5460 465871
65892 69280
135433 163809
216084 38161
147491 42371
857859 140264
1491398 1491401
17847 402258
1491339 447004
506099 197810
155203 69050
1346372 1346373
44784 162564
735716 656643
1076905 1076904
1350697 1350096
76562 73028
30681 373136
139554 139555
36887 1495925
1036076 1447703
1074719 1074718
226062 481668
33154 91946
151839 1288930
76701 88100
1490572 1490167
1490572 1490165
144557 144560
218457 409032
18723 1490488
1018397 1027037
1075552 1075551
1075552 1075550
1075552 1075553
1411184 370905
1467311 806120
252231 155414
33154 267029
667099 1127681
297898 218585
858874 858875
858874 858877
3712 887889
666289 1350196
666289 1350197
181069 153374
252270 948046
1332182 1040087
79795 85552
1219857 778418
4110 34969
280948 267371
1078998 1078999
1040910 1081654
17972 106598
1389339 178809
2559 410152
2559 410151
1490191 1490192
225493 472224
2560 2559
269718 114389
21588 58304
79671 79673
1219623 1219622
2511 27835
935054 139109
935054 139108
1165716 1165717
33312 120165
70073 70075
1450646 1449937
371137 5455
48516 617708
1416461 1416462
33687 120165
466075 466074
466075 466073
162535 543324
303646 775468
143910 141427
1410954 106604
465631 2556
1153966 1153967
859791 859790
66828 267332
93924 1155250
71916 73489
162535 88646
33354 32831
1350468 1036520
90218 329067
67620 153905
465610 465611
147402 957473
868874 47259
140197 141104
493123 465947
371423 372685
76819 76818
213015 212509
505992 158305
1346373 66445
160004 164204
410151 410152
77551 87413
860169 860168
71819 3814
304127 304019
774620 774622
160462 16906
160462 16909
1113828 1113829
106638 301077
451046 465047
105570 51116
92160 85552
1283453 1283452
1220503 1220504
1220503 1220505
95619 1318158
373082 1010519
868495 344235
212519 212520
1350136 1350137
27805 14233
1491114 1491116
179357 1401693
559755 472249
59519 1384269
371694 1526440
355333 355330
868938 285979
147469 934215
1074716 1074719
1074716 1074718
114730 1081561
67228 857936
309100 371967
935006 18178
1070314 1069137
67804 67284
68445 59662
1504261 1504262
104684 164792
465892 465891
447195 324193
234123 506199
16270 6133
1362203 1041005
371423 371005
1115212 47384
211145 586676
514397 1107142
371137 617708
445186 481707
445186 481706
10423 420463
774568 41702
218457 544551
559366 37828
273375 362742
1450646 120325
1491388 97723
632327 75976
71445 75085
1449588 1449585
211199 211200
4502 303993
78925 170670
400028 400029
67260 496897
559500 25532
1450646 1450645
1450646 1450647
1114548 623379
212015 58473
211738 213640
142871 371681
37938 37939
33533 33317
65077 465832
7522 1422992
98195 74387
496968 372695
267117 33154
300729 23566
526462 702847
143438 139044
130417 139109
65943 66445
303587 113950
93924 1114526
1220507 1220503
96589 75922
352187 464450
464383 464384
934291 934290
59662 65446
1504139 90218
402550 18604
75899 92439
14797 227863
144320 163809
86434 1031606
464598 464600
109345 17129
120165 33386
120165 33384
410106 1258505
139623 136571
213367 214604
1382976 1382977
141247 139910
23163 16636
887882 887883
410008 306394
25532 371147
143910 139165
143910 139168
1078665 1069956
32941 33263
5437 5436
775260 304063
181067 267089
70121 466349
1491397 1491396
1140202 1140201
99402 1248392
86580 86583
42230 27039
1401693 27835
79246 79247
67587 245074
559233 322985
304180 419709
141976 142389
1490509 1490508
934723 81686
205632 918250
88652 88653
464382 403962
33233 548388
165282 24786
165282 24785
1284268 1284266
1284268 1284265
27805 267154
775422 504621
410277 306394
352183 267089
34839 34735
1490944 231317
14971 934420
106582 12976
33365 3708
73356 73355
73356 73357
400268 400269
717340 457186
1187330 27136
29952 254656
1070015 1070018
1070015 1070019
1070015 1070013
355341 355342
355341 355343
481668 481669
686592 1383362
18178 934716
853486 88244
1449586 1449585
135433 226062
66665 313654
951346 526071
144089 143246
1113828 67390
23545 879829
346214 210818
1072390 876154
88387 88244
559553 25673
81825 81824
165747 225491
420582 267117
33381 147430
868874 868875
49961 597038
33312 139704
164947 14603
402296 887873
1081998 283306
576480 335918
536250 106592
135433 463616
181067 267371
857859 857860
767963 1332552
1073526 1073525
66045 1269701
141247 141248
141247 141249
141247 141246
163215 160668
34952 464705
1081772 1116570
1207655 1207606
81170 114588
464598 23074
465893 143438
217354 217355
217367 112080
768854 707524
25010 1380187
24751 24750
464504 142193
1389446 592170
74851 72431
145361 179302
398755 540895
414299 59372
215427 16683
1351293 281103
792155 1283060
618520 618521
595421 18578
139165 142034
48516 617285
1116687 27090
532574 406775
701871 397835
148970 106611
148970 106612
1490595 981670
6993 139169
371705 1207573
371705 1207574
1129600 1129601
29952 43504
1504204 1029440
1411178 1411177
27039 100407
626698 128967
934726 47222
763671 961965
106611 371846
17930 33384
151105 1068660
151105 1068661
32927 208761
89591 89592
1034453 281103
140342 353707
699566 18578
1081560 114730
81472 80830
1109018 1491189
1109018 1491188
491893 120165
420296 104049
1289934 600389
1072390 1074048
1259171 1258843
130408 212504
148970 148975
148970 148974
1283416 1468062
1289132 372345
1350468 1160794
72431 87413
934827 934826
72860 72861
46880 181065
163331 33313
144658 145633
143211 858789
211684 799997
96241 92497
1450647 31206
1423029 683290
859174 859173
140234 463623
79967 140073
1027000 1026999
148954 160128
306394 410278
355337 320805
314522 304063
106603 165282
439137 252732
558943 4126
144838 146886
24786 148975
1490249 1490250
859982 859981
17395 33354
418976 418975
418976 418974
148970 106603
20066 425808
1076904 1076902
1076904 1076906
76989 85361
76989 85362
76989 85363
563689 188440
1155864 273105
303545 42230
21201 20685
1157352 39485
506099 106579
1100 266782
143438 465891
210813 160004
1490518 1490517
493845 493847
1346372 314568
1289955 16612
321541 831048
1075552 1075549
163331 371846
513381 58878
1490402 1490488
559400 559399
116651 22963
1483073 93009
19979 373353
165282 148975
1073818 1073820
1073818 1073821
1346372 66445
251291 1129295
1289640 61787
214555 76
371537 36224
179302 179321
163889 160668
774510 369313
360823 614653
1411407 1410938
83605 75885
72114 72117
371057 868337
371057 868335
122001 70129
317499 177208
163505 399870
774621 774622
774621 774620
140342 1081649
80310 650395
860215 860214
25677 34952
72053 87813
934723 23231
153460 153525
106575 147491
18565 18564
1032584 1457588
107338 137653
1135069 659408
32804 33237
747437 748649
845983 164096
164769 164768
160357 809647
65999 1490783
144560 141268
72975 71762
158741 466080
494569 961837
1491656 1258722
1346373 1269701
140234 1081801
1092 837208
46251 106594
95178 140513
148970 1107249
300116 547922
1081689 1058372
1284267 1284268
1284267 1284265
1153966 203609
122662 481686
177208 1289934
272960 64536
419868 276918
633458 66300
2535 1401693
410277 410278
851311 851310
918157 70188
99988 22619
106637 14703
303646 775341
419733 28683
33383 221549
2535 372190
214604 213501
72052 87813
139009 95178
39485 1483075
46126 1068843
16864 37383
23074 464597
1350790 581954
378209 98282
667099 144745
95619 1504010
70074 70075
70074 70073
370814 373007
1061659 91017
134378 433808
1526076 594242
887884 887882
76765 76764
146848 303457
106611 163330
1024890 1024889
33313 106612
33313 106611
371010 569289
1070183 1066742
139249 139843
69220 67390
13883 846634
28057 885466
748212 748213
142515 140495
1032584 1363271
27369 40656
1135069 1135071
1135069 1135070
1135069 1135072
347510 131968
143943 553184
465933 775423
507852 22941
1345810 66731
1116752 996044
536235 536234
536235 536236
179357 5455
876173 492233
9209 73526
141246 141249
1346050 1346049
33489 17129
309513 34735
76372 87230
1467321 306394
211012 59372
1383522 41259
359959 254692
606328 123358
24751 252
466340 157473
1070312 1069137
559053 559052
306729 420251
91551 83914
74850 72431
935006 935008
353707 1081649
339126 389803
87449 98140
1401693 2511
210813 164204
400050 399871
218783 370979
439211 164423
33233 617285
76562 83675
48827 59319
74811 75382
1135158 1135494
59261 16612
1346204 961965
78876 72975
251883 935088
569468 25582
143412 23163
466168 465947
306419 103382
464106 164428
283556 143438
165260 164947
1107166 1107165
614698 377698
98195 85459
481662 17264
1107239 1107242
1107239 1107241
1107239 1107240
1107239 1107244
372665 410077
72116 73355
144745 1128775
1504255 1504256
614781 360823
165282 163330
146343 146344
1467521 1467520
336438 614813
774553 38161
76562 92888
990420 273606
2535 371137
464381 403962
164892 1040396
360993 38482
182994 372110
193038 1389706
1491400 1491396
1491400 1491399
1491400 1491398
947356 1289673
1450646 31206
373387 181083
1078480 1078479
69626 33623
66731 80755
934907 934906
419733 419732
93924 273305
137291 46880
1490879 1490880
1389339 907257
303379 65905
845986 845984
727432 33008
65077 187722
75215 72431
1259337 70032
77672 71800
72946 76667
1157352 1483075
140017 140073
75414 73881
372665 306394
145780 136571
164195 809647
73164 73165
211199 505075
33484 160128
1410954 176672
935007 934716
748511 747437
346214 160004
423947 123358
1039297 1039876
163784 163496
139321 1283831
768854 1490756
768854 1490757
128106 128065
141920 141001
32777 267093
906952 439842
1258505 15008
463751 15122
390675 934830
390675 934831
915911 1259272
1077323 1077324
464381 104190
478534 1459586
1450647 1450645
1450647 1450648
163330 24786
163330 24785
397107 1467520
81145 81146
1526076 1082224
418982 70340
1107244 532497
59319 254597
122846 8261
768854 1490755
373413 38449
1212731 1212729
75241 266262
165023 165024
874780 181086
446544 372604
446544 372603
466340 6388
672731 389803
1075136 1075140
399938 27879
1289774 160500
87465 95619
526361 1491114
526361 1491115
526361 1491116
844518 73020
90131 71680
16946 420346
28217 370270
18062 69702
1157565 1213334
464495 233825
5455 618378
303443 269939
48681 747590
217361 616985
140197 1257181
1072966 1072967
853349 613019
284395 1258337
1423006 14766
372190 2489
1490510 1156025
561910 59860
163494 1359368
2560 410278
138971 145183
183062 1430957
1448071 1450287
769822 123749
170012 221236
25621 16601
45195 419574
1417152 346677
344408 145256
11220 39354
371249 76
148970 775458
1350138 1350137
346972 67587
465857 42371
1508913 1489872
1016 33237
106611 1107249
83916 81029
145382 145381
38352 1282198
144089 141919
144089 141917
1127155 47793
1220506 1220503
303568 464214
536318 536317
466450 445228
1116646 206947
1077483 1077484
852167 1027119
165040 163658
68250 30756
33640 192983
32927 727216
1127157 1127158
1127157 1127159
303646 775342
303646 775344
3711 32835
774675 164219
868477 851945
1257939 1257940
77672 75215
139155 139154
139155 139157
139155 139153
2511 48516
80016 72114
80016 72117
80016 72116
80016 72112
32866 133503
122185 74973
493093 45934
178780 43095
139675 142539
1490757 481707
1285 214560
371137 1401693
80830 78594
868853 337768
19572 1218892
457995 466299
346214 164204
527232 171476
157473 464126
94618 78154
139009 141249
133828 458410
139167 145701
2559 33623
5767 163790
139842 139843
163331 1107249
203609 197576
203609 197575
526020 526190
1040564 457186
23316 214701
66346 47243
1350789 581954
473709 559201
1431031 1431032
185320 1346360
1127451 1127454
1127451 1127452
1127451 1127453
1259337 238580
444860 1218489
142037 145633
543325 767947
289236 27136
67587 17129
1078483 1078481
963735 1491387
115064 1283452
115064 1283453
1129601 1129599
1116873 65905
1491312 1109018
215491 797840
559450 42613
830961 825269
420566 72873
215645 157989
79933 79934
2087 165146
545684 1345881
1135132 1135133
67843 194425
146593 146599
146593 146597
146593 146594
146593 146595
164919 164918
505454 59205
92648 68551
226062 481666
226062 481667
226062 481669
67105 213619
1490758 481707
191761 306499
717340 569289
1029717 2541
27805 32779
27805 727237
439931 727270
481687 106594
727432 165323
594242 1082224
748649 26473
69096 1504141
85081 42377
163717 543285
375449 961734
123749 373413
75910 87219
1075554 1075551
163330 775458
181101 37273
1070182 1066742
252231 301260
226062 24759
163330 1107249
32896 32866
2510 122003
106638 106637
73050 75593
27090 69084
255884 1394328
217361 85081
360266 1023614
381859 562049
463842 43095
1060442 1060441
1060442 1060440
143912 142899
355333 355332
355333 355331
543285 543324
543285 543326
1382927 1382928
33384 160128
33233 372190
1490756 1490755
400082 399871
400082 399872
418982 418983
400055 400054
400055 400056
400055 400057
400055 400053
1490757 1490755
526235 526293
1449589 1449585
934314 934315
371149 857033
536251 24789
1506792 1410783
165050 16636
76 342085
272960 2506
59359 303443
141249 140513
164351 106593
140491 463842
1107243 36165
1491395 1491400
1491395 1491401
614589 301204
353705 275803
1490943 231317
158998 213561
1450349 1417476
72975 72974
18568 316854
425796 1039322
1151821 598425
1282584 491591
1345882 961965
419868 419867
164922 164918
68831 139141
33347 18586
95178 141249
1446391 656673
146775 146776
69441 65930
1446231 1446232
1446231 1446230
1346191 141104
32927 182994
83071 72061
217353 217352
76701 73674
1258092 1289917
685368 385073
143912 139168
830995 139704
543334 543347
548388 2511
1490397 620759
1258401 1258223
227680 420603
303327 60688
3712 559341
33503 66806
267089 225512
774568 159947
66496 123749
1075549 1075550
1075549 1075553
293111 1155953
466099 466100
1309126 210815
148970 163792
73537 97044
536298 536297
69026 267089
48827 398328
1491115 1491114
1292648 70032
212543 214134
934829 390675
548388 1401693
73356 80016
606328 423947
66271 69223
1423070 64536
1490596 1490595
807121 144781
1284666 1411036
464599 23074
1127453 1127454
177210 1410992
614555 530411
410077 410104
1258325 371493
163631 4423
493093 450835
410008 410277
918250 141807
141058 139858
420251 596329
123938 139858
1070316 1069137
1417152 177303
75359 2224
1346327 181065
144892 144891
32804 1016
1504139 90859
36868 699566
163809 481669
163809 481668
163809 481666
1258972 1103700
31206 1450648
33278 33277
33278 33276
33278 33275
409032 544551
858875 144012
858875 144011
481653 141777
1449937 120325
1432876 1432875
179357 2489
139321 139320
68996 67349
59359 269939
346803 46374
343901 373051
106584 250059
141248 95178
300729 372110
1112011 1491240
72975 77165
176931 1289753
176931 1289752
193038 159314
372846 38482
49904 11680
372685 371137
1115081 1115080
139321 464890
139108 139109
4537 1381117
961597 1040457
17930 33484
82636 17353
164195 19903
1077459 1077460
258924 418947
145361 179321
213718 466080
855264 14046
1467965 1110426
33154 68831
465893 465892
624247 439842
1040910 717340
466466 466467
466466 466468
130406 76000
92660 86156
599949 569643
1490167 1490165
303337 493847
104604 163888
181067 69026
754490 1508073
141427 143912
141427 143911
98737 79046
217361 42377
526235 526853
1483073 36680
768244 1064097
398439 321487
163792 165282
1129083 114157
1522227 59372
48516 618378
33379 550300
481666 481669
373387 507875
33154 160357
17930 120165
445850 15256
493879 662744
267147 831048
1076905 1076906
163248 749129
1258108 1108793
1033355 1033354
702334 1431032
858817 747520
78171 65370
141920 141919
141920 141917
309100 314522
1108790 1108792
1108790 1108791
110826 66732
85577 98064
212972 831039
2560 410277
1154328 1154329
1154328 1154327
311080 15262
312883 14425
270245 61433
727419 33008
122226 93009
559684 559683
142362 377277
1211994 1211855
66883 67064
355338 355337
355338 355336
35188 74060
90262 77636
402325 337110
32964 23155
624245 181086
160004 769777
1070312 1070314
948065 298169
93924 886541
1188271 159708
1416303 1284632
401941 402325
121986 121985
121986 121987
93924 79082
372342 225055
139167 143912
23833 410703
464183 8684
18445 18446
844727 1067697
143399 140234
2560 410008
303443 303570
70121 400338
181069 67587
1127157 1127160
284384 428475
66998 369356
203609 1153967
526610 84084
614814 371708
164351 27536
748511 748649
143910 142037
273581 1459856
1162629 846634
2560 410104
372190 617708
465892 143438
887894 887873
373247 1417797
67098 68333
402618 32165
80830 77157
355329 23289
528076 143211
71289 77175
91188 152993
303570 269939
373141 373115
71916 71915
148975 371846
1128776 1450645
165282 371846
306744 506044
164102 1107249
934100 1345703
83916 74043
719095 82989
1070016 1070015
1070016 1070017
1070016 1070013
1070016 1070019
1070016 1070018
33154 163417
858618 858617
289236 1451162
71445 73165
73827 86977
20062 17129
72622 72623
1078484 1078480
1467964 1110426
81472 78594
868821 868818
1289377 100380
858815 747520
1114460 1114461
858876 144011
147639 58392
25595 307968
934773 214081
540895 1155923
23163 59238
858816 418995
934883 5998
941095 1367455
536268 139475
1490243 1490436
27062 132168
179357 618378
1059648 58364
95178 139442
768843 768842
1077080 1077082
543278 530867
876143 106576
1097210 1467996
306499 493847
1345867 66739
1345867 66737
1522226 1522227
530867 543279
17930 118518
679306 907257
853349 418947
473745 1008747
464780 465947
889680 67445
1139778 1139779
1244549 1257993
267702 162472
371423 371137
1522227 36382
85363 85362
858874 858876
1508567 410106
1258049 398553
766325 1107142
143399 401771
3709 3708
1490174 171535
1061370 666056
543325 147432
819300 1135072
147491 160668
618378 617708
1070316 1070315
1070316 1070314
1070316 1070311
1070316 1070313
1082092 1082091
320805 355336
320805 355335
163792 163331
163792 163330
1073819 1073821
1073819 1073820
36720 1284305
334609 206947
1128776 1450648
2511 618378
1033945 248110
140234 1082224
372846 360993
1260156 170816
1029709 1177631
889680 67349
304141 601954
199832 1269711
419052 165144
36224 887889
1067696 1067697
163756 253599
140072 140075
94839 94840
543359 58238
464968 1359368
147414 67349
778898 64722
1070016 421240
204879 385073
106594 165245
72970 81673
303327 464272
1075534 1078261
140234 594242
402261 373007
496968 5463
147491 465858
33233 371137
1258337 1040339
106612 24786
1129243 372784
1490252 1490253
544318 1116759
90978 90977
28817 1061483
2559 372665
135421 398400
464253 16598
844349 427534
2469 161160
464600 214813
617634 543289
164372 4537
1491239 1491237
1491239 1491238
464184 8684
371339 493123
606328 1116688
270671 270528
210818 164204
141268 139169
75531 75532
1115099 67149
1115428 1113959
92733 1383828
1114775 1114774
492081 1508736
614683 246711
1054119 1350999
509548 333355
2469 41742
347723 44203
121997 1019892
93924 363100
33046 410077
837022 82989
61739 844355
163248 165165
84316 85585
1446754 1446753
213226 212954
1060145 217352
2560 33623
2560 33046
1259416 1039464
118694 1504256
769777 591812
586693 2133
267371 24498
403962 128362
1284030 1559
1074717 1074716
1074717 1074718
1074717 1074719
1491280 1491116
830896 68175
165059 165057
33216 244971
148970 24786
148970 24785
32896 30982
142037 142034
1491282 1491283
1288930 48802
1039638 1039612
616507 411959
753727 27536
1153550 314561
1351889 777481
766300 144126
373353 51872
1350197 1350196
1283109 496949
1040083 1040662
285979 868937
146888 146886
163809 775327
638473 324091
301077 106637
32536 624173
1211994 1211996
1211994 1211995
464778 464775
624163 439842
1207606 1207656
1081847 19597
165050 23163
33392 269406
64996 314561
464780 493123
33503 1113340
106603 33313
93872 93870
1490192 1490189
303545 27039
27053 207043
1411124 1411125
1411124 1411123
182994 67285
163292 103234
463616 24759
1104445 159708
106603 371846
869264 36224
371967 314522
1282198 1255525
212015 18446
273058 754596
73956 83900
2535 5455
35769 1259413
603226 252231
67098 1345692
472234 301208
1411437 1411436
163248 68831
775341 775261
142193 1503918
73364 73363
73364 73365
66271 419574
935007 935006
935007 935008
301260 155414
23316 464597
23316 464599
102396 874716
73357 72114
73357 72117
73357 72116
73357 72112
178782 1025029
15643 1046812
33392 419015
1448736 1448735
32174 38449
57042 19979
819300 659408
1383528 81822
401941 70129
859886 859885
109345 67587
1078108 448993
375272 874671
163889 163888
1210080 1258504
1494196 100380
5425 382279
2556 70340
1107244 1107242
122786 173642
1107249 371846
144012 144011
1507963 1507962
100569 139858
139157 139154
1508850 1040148
18588 343656
1116884 869175
1116884 869177
1490614 1220267
1411063 1411062
536249 536250
130468 481707
1597 290473
24726 1031607
66883 67063
1075137 1075140
934866 23545
1107241 532497
508013 160357
68221 69945
177300 410077
83135 84384
465560 35538
68408 89925
99472 96306
47222 934727
30681 402258
303830 144128
78333 73674
1491115 1491116
727293 13534
26342 306615
356653 846005
1073116 1073115
93924 1503973
182994 373007
418981 301391
134378 353706
1258439 1039844
1041063 1366114
143246 141002
58872 128145
139925 139927
1467604 321744
83567 83568
106630 105516
410882 528602
1126269 1126270
148954 33384
36165 532497
162170 411939
18445 212015
1410906 1410905
40293 1225
934724 174944
210796 493845
423947 1116688
90403 934840
420390 420249
346972 17129
768207 373051
81556 87813
860618 296372
18569 123161
1457283 846634
140194 1346352
775342 775344
1435226 1435225
139453 139454
948045 252270
234122 360985
1273758 1097313
33233 48516
110898 372122
24786 852185
1389665 1282348
303327 304019
614698 614699
934724 934728
1113014 223815
178782 592344
211012 212152
1383775 1507418
405145 363100
251291 248682
1029709 1283045
164947 846132
420239 82073
775343 303646
624248 439842
543324 543326
130694 143913
227680 420390
1320870 108848
143909 144658
20062 109345
541330 541366
14233 33377
153374 17129
1522226 1472358
1411534 13057
33484 244268
1467332 1467331
338841 1491127
73724 73725
103257 106594
1490756 707524
23248 31094
179301 218585
1459989 373007
142684 141208
28683 419732
614815 614813
614815 614814
349585 68836
1070184 1070182
1467389 1241715
323016 225483
1076903 1076902
1076903 1076904
1076903 1076906
1490758 1490757
1490758 1490755
1075140 1075138
1075140 1075139
159993 25044
164137 18070
2535 48516
42377 217362
1490595 1490436
702775 1446754
702775 1446753
179357 371137
163631 464986
1490250 1490247
400227 399890
464056 464055
900827 32964
41383 214781
16270 33436
1491014 1346159
860606 430154
178780 27424
1082042 1082043
413955 267029
1157565 1482859
36822 211400
734644 1258085
75215 77551
935008 18178
420298 371158
1451488 1472358
74559 73526
464022 715394
1155375 196052
420243 420406
338703 147414
77305 89762
656664 1350859
1290005 1273758
163330 481689
212972 371272
65890 596375
359960 336778
266859 15084
1061322 1490251
1061322 1490252
157473 6388
159947 38161
143910 143911
143910 143912
2773 31094
122000 33347
18062 47243
72661 78842
256749 155415
1188271 1417476
23566 477058
57042 85962
934779 213640
18070 41702
178809 907257
16613 190973
66663 68221
702891 543358
1040910 19583
70121 774484
463751 464184
463751 464183
273786 526783
23248 2773
212535 210466
1219027 114983
1491239 1491240
267044 15084
26061 48805
26061 48806
1032907 38138
72946 93436
526079 526081
526079 526080
333758 725187
1070013 421240
105570 144327
70188 68952
71469 73165
464600 214701
66374 5436
79339 85585
1107167 1107165
1107167 1107166
1060303 1332552
73432 85916
1389703 1389702
179357 548388
860028 39396
1491401 1491399
163888 160409
72729 77281
1078481 1078479
80016 73355
80016 73357
144011 858877
77829 77828
428475 439842
23316 23074
1074717 1074720
465103 465102
86525 92733
957512 411611
182433 312876
1077458 1077459
113640 1064097
74973 90403
372342 74973
17403 139665
2489 27835
93924 185820
33154 152951
1107239 36165
69819 158998
144557 139169
9137 6151
84317 85585
106603 163792
71680 75877
106575 163889
106575 163888
73676 73526
359907 719186
78876 71762
496921 373007
164295 420231
466168 491591
1475721 1410957
465598 465597
1345713 472237
419599 419598
164137 106585
164137 106584
1248628 79082
255884 68440
391089 1154232
106603 24785
66983 24498
164207 70252
174944 47222
321488 398439
70001 6861
1220808 1220810
365429 526041
419041 419040
400479 16598
1289486 207043
100779 179344
347119 206947
934398 663245
858874 144012
74043 81029
463797 526101
466468 466467
18594 2559
66731 545684
99700 83675
80622 80623
141920 143246
566160 157827
952981 845908
216826 16270
837182 837242
411932 411931
66621 618247
19729 226838
163888 465857
172791 526078
466466 75708
536268 164525
139009 140513
170680 1490167
170680 1490165
323016 347391
692249 1284305
143911 142037
372190 618378
355328 355327
220209 1081769
1282584 493123
144658 139165
78171 91503
559227 559226
1076526 1076527
947356 1289804
935054 212295
142193 753727
5455 48516
1495589 1495588
303694 148975
303694 148970
1495958 1495957
1140200 1140199
164769 132113
114983 117255
165323 244971
155812 373353
831086 68753
317533 15262
58951 214648
178780 140491
1070311 1070313
1070311 1070314
1070311 1070315
375249 543339
148434 543347
99988 1432757
1116687 69084
372779 102059
143246 141919
18574 417286
372975 42613
559602 559603
223815 1125500
934100 1504224
1449937 1450645
104684 14766
24751 565359
227322 1258282
67064 67063
719153 719154
306600 295226
139167 142899
1258272 1205231
131787 33624
273065 118075
67707 121992
142502 47793
355340 355339
464814 837046
464814 837047
106575 465857
106575 465858
398400 402250
1259126 1258181
33313 1107249
106611 852185
273375 5984
935109 17474
49192 33216
135433 481669
135433 481668
135433 481667
135433 481666
375371 23923
181079 140846
1070184 1066742
1039967 1366114
1078999 1079000
359356 66238
42613 324091
2559 410008
513381 1087633
110898 457844
1129600 1129599
142869 140259
420474 420475
183062 458867
254656 43504
1459548 723380
98063 98064
164630 148956
32835 23155
1417829 13534
143909 142037
143909 142034
857860 140264
702775 246922
400483 4537
2559 410104
145861 145862
371068 369313
1450348 159708
48827 213166
164452 164451
22038 20377
26345 868667
526324 68360
78285 75808
141427 142037
464382 128362
419868 68038
934856 75439
217361 217362
232376 4011
132113 164768
1490251 1490253
25956 27407
1078040 812091
420671 17129
552494 831048
145098 145097
296372 445102
543289 337616
346214 210813
70001 466073
70001 466074
372342 122185
774622 774619
4062 67843
139046 66089
145256 160128
1017918 1488664
77102 96869
600389 258924
1446230 1446232
1114648 83900
146870 146872
419709 775261
445186 481708
33638 18581
696021 140690
1410976 1410977
372927 1283416
659408 659409
1031678 1040457
614814 614813
64975 372345
371327 32428
1107241 36165
66045 66445
419086 51872
666056 1490247
106575 42371
75532 73526
68660 59424
251291 273105
934778 213640
505342 59238
1282584 466168
826090 176931
509548 1383756
148970 164102
1177631 1283045
78154 94620
685368 204879
1088020 1088021
18581 164885
73956 1114648
79047 98737
420298 420296
526169 526170
769798 267089
1490436 981670
1504255 118694
87470 87469
1247341 212523
43095 27424
151839 48802
145182 138971
59359 303570
141207 141208
336438 614814
336438 614815
1450286 69995
254745 41483
353712 353711
614813 371708
874575 1212167
963735 109382
1258471 20066
141920 141002
14602 165260
5435 5436
5435 5437
359947 359948
145701 142899
603226 702825
2511 617708
74852 72431
16946 109345
39971 889725
1290003 71449
371272 314522
177268 1115297
57042 51872
85459 74387
344408 120165
1491279 1491280
144637 144205
66402 306729
139142 68831
33577 266202
92648 85554
120325 1352103
150244 16612
591812 164204
1490596 1490243
618520 614728
418974 100512
69105 72835
312648 753283
75885 3814
1503917 142193
165214 413865
1113340 66806
31206 1450645
465597 58872
1077081 1077080
179301 11330
400226 399890
400279 400278
465548 465547
1410269 1258300
163810 24712
2489 617285
40690 159993
774627 25677
106603 148975
140257 146888
140257 146887
1346435 419237
400312 400313
371137 48516
1113812 329088
672731 339126
1490188 1490189
211343 211036
1491281 1491279
9430 74060
464495 345019
1070014 421240
899596 1207417
65077 465831
103877 267371
5455 2511
541245 1416423
1070312 1070311
1070312 1070313
1070312 1070315
1070312 1070316
420298 104049
148954 17930
29952 252453
1078483 1078479
75241 60238
92888 72259
528076 139410
304194 887873
147432 543324
77475 77476
702891 702890
355341 355339
147432 543285
1103700 1488499
74793 75885
69441 481722
58526 147414
1411125 1411123
476995 1114526
18578 445613
476995 1155250
141480 141481
29427 180843
617062 314543
464042 963820
481687 46251
1129234 1129237
1129234 1129236
1129234 1129235
79967 142938
79967 142937
309100 831039
1128776 120325
17395 32831
213718 158741
269776 118056
858868 858869
1107249 148975
372685 371005
559284 559285
552494 1041063
144991 144988
83914 91550
1219027 117255
526654 463797
859886 859884
66346 66108
1112011 1491238
165050 210871
123094 139858
1112454 1211299
66496 226838
24498 192983
526077 172791
140491 27424
267117 121986
373247 536301
90400 73258
212972 314522
106645 4011
170816 171917
1187330 289236
774620 774619
5460 36452
2559 617264
420346 69877
1258428 1247124
59260 214648
31206 1352103
33022 2511
141207 140259
1116800 353713
164221 44065
431889 371199
1383074 1383362
1430922 842
398274 187264
1060441 1060440
213625 212551
49795 80623
32927 33383
104684 163428
493845 303337
934716 122684
88646 543326
88646 543324
284395 1258130
87033 1383532
267200 65972
179307 139195
140197 1346191
1490651 82212
1079000 1068845
66496 775434
371339 464780
33313 148975
148954 33484
110624 68880
293133 143475
2556 178117
4465 164207
306394 410104
303545 868579
69946 719167
1075551 1075553
1075551 1075550
79255 79254
17129 165165
4421 43531
71819 76220
463616 481668
463616 481669
463616 481666
463616 481667
371272 371967
465858 163888
303694 163330
303694 163331
1188271 462064
1040564 19583
466168 493123
526125 526490
75899 80930
164918 164921
20593 212068
1482859 1213334
82072 82073
439931 67843
182994 419313
47243 836987
2535 617708
355342 355339
371339 466168
75899 71745
1074049 1074048
1107239 532497
1129324 142698
215685 541305
18590 4062
624248 624247
552939 64536
142516 142515
355340 355341
355340 355343
355340 355342
355340 355344
1522226 211012
7422 1490173
373262 373115
526005 526004
526005 526001
526005 526003
321488 321487
146913 143907
87229 76372
1077458 1073577
303359 304087
887895 887873
2560 410077
147447 592659
26790 1411125
103877 68831
26790 1411123
21568 543338
61786 267580
466080 934508
1060145 182433
70001 407765
543278 543279
70204 250087
252221 679365
254692 163709
165326 165325
59319 213166
1127159 1127158
218457 618759
1070182 1070183
146599 146595
934831 934830
19908 106584
368296 93218
144560 6993
26790 1004088
536227 24761
1070014 1070013
1070014 1070016
1070014 1070015
1070014 1070019
1070014 1070018
506099 43399
1284265 1284266
1259171 1258072
145633 142034
1450647 1449937
1070014 1070017
491720 492589
935054 144525
410277 410077
208341 190405
32866 31049
11330 218585
1449937 1352103
949368 1491396
267117 68831
144556 139169
536236 536234
558901 558900
1522226 1451488
1472358 211012
346677 177303
355338 320805
68221 419574
67105 69096
1457283 1162629
146388 74179
868337 868336
106579 43399
139044 465891
418947 569643
162656 1490538
419484 419486
78594 77157
161355 24759
1350507 1350508
934352 214373
1490400 1490488
162170 1332499
519375 1449463
87449 98139
139575 144558
139575 144559
139575 144556
24759 481668
24759 481669
24759 481666
24759 481667
1059592 1059591
775344 304063
73393 18041
106612 371846
1116641 67804
1416372 1416371
858907 860215
858907 860214
410008 33046
176557 33288
144658 142037
144658 142034
858868 445102
1107243 1107239
1226725 1205231
90977 65370
1070315 1070314
1070315 1070313
346915 934351
1068843 1077323
21922 244971
373454 93009
24785 371846
18574 4062
164967 164968
14602 14603
1491238 1491240
694203 5428
73676 75531
73676 75532
210818 591812
358547 1411309
1495541 32298
73357 73355
614678 614679
123749 48681
559227 547305
181069 139738
355344 355339
477170 366159
66496 67587
1073819 1073818
1073819 1073817
250096 64131
91217 1490880
131903 618496
122000 18586
144320 775327
140259 138971
140216 869175
140216 869177
164933 306838
2511 2489
1450646 1352103
399872 399871
309100 371272
536235 4126
69794 35538
213852 345358
164428 774145
775342 304063
238219 614804
106573 39979
1070013 1070019
600389 418947
445902 27536
139927 139928
225489 179349
545374 569359
139169 144559
94618 94620
140259 145184
868336 868335
16270 2560
859981 53534
88646 147432
423847 868875
94087 86917
1490173 171535
59519 501106
466168 464780
398755 1155923
141246 95178
402844 887869
934852 40816
1491284 1491285
1113963 1410977
4325 122227
17689 44065
361489 846035
767947 543285
858815 858816
858815 858817
678581 1155953
146389 146388
179301 297898
963735 97723
463616 163809
1459709 1459708
41695 559165
68699 100512
23163 1359396
359959 163709
309040 527291
496805 47139
106612 148975
48681 775434
491591 465947
143475 426677
1116873 303379
420243 420244
1212538 1200963
371137 548388
1490188 1490192
85081 217362
463622 1127454
463622 1127452
182994 163391
855264 1457859
371137 617285
2489 618378
148933 402085
75838 75485
419087 85962
303271 464272
232711 753186
1494196 1494195
163330 106612
747243 128411
815237 844702
496805 22955
1129598 1129601
140234 1526076
1027000 160532
139156 139153
139156 139155
139156 139154
139156 139157
768854 481707
4062 61937
162170 411938
22568 119385
41299 143367
104604 160668
465831 187722
90218 85093
1107164 70026
526079 172791
1284268 1284264
868337 868335
1445889 1449450
466123 457891
869025 735283
210796 306499
1522227 211012
1490174 1490173
139108 935053
1076528 1076527
1076528 1076526
1039297 64536
614686 614685
614686 614687
175962 214560
559666 22316
1128776 1352103
1450648 1449937
352187 35409
13076 1520334
1116532 163205
143911 139168
232376 106645
74559 74558
371493 1039876
493883 346614
337143 402416
1472358 36382
1289753 1289752
1289962 244414
1154328 898779
481689 148972
17396 84286
303327 35538
2489 617708
402261 496921
1059774 145550
338604 173006
92439 80930
293111 678581
875680 24751
1495548 1495547
146596 146599
146596 146598
146596 146593
146596 146594
146596 146597
18062 66346
543325 543324
543325 543326
75684 75683
430108 22481
1345822 1345821
139009 139442
81556 72052
81556 72053
851310 851312
18601 18574
1112454 372096
28057 419831
182433 445366
7422 1490158
1108874 1108873
41014 457844
140014 140076
140014 140075
140014 140074
140014 140073
140014 140072
66737 66739
595427 401941
138971 145184
1411178 519045
1070899 1070897
303694 371846
330056 25532
304057 180631
177300 410104
1129116 1129117
1211855 1211996
1211855 1211995
831048 1039967
462064 1417476
39734 830968
182994 266892
33313 852185
73028 94475
161355 33384
14602 846132
6993 144559
1491283 1491284
1491283 1491285
527008 527009
963084 431299
177300 410008
526125 365429
528076 858789
33046 410278
48802 1218797
874538 2822
372975 68035
131852 371889
816 526020
562327 372695
254745 918174
1490509 1490510
1070015 1070017
419313 373007
478534 33443
355341 355344
139109 144525
95740 95739
18574 33640
68445 65446
375449 130307
141247 140513
1188271 1450349
13119 50278
1345640 859207
267493 267528
209827 420462
139182 164933
122185 90403
254445 465969
254445 465968
42230 100407
419508 419509
526323 68360
1078999 1068845
402261 67285
25673 31094
155812 419088
155812 419087
155812 419086
106612 852185
1257985 1380216
1490596 981670
72116 72117
869024 735283
719222 10087
1380172 353706
266202 769893
147491 465857
420390 420490
613019 1383387
3719 358383
420671 33312
465832 187722
75085 73165
1070017 421240
100380 1494195
465069 465068
95673 90262
400395 526005
400395 526004
400395 526001
400395 526003
400395 526002
151156 148152
934725 934728
934725 934724
934725 934727
24759 160128
466468 75708
87646 75922
1067581 70715
1257980 1258481
67898 559558
86923 526880
614685 614687
371661 7785
355335 355336
1491388 963735
94618 94619
481690 67348
144560 139575
350229 173642
66496 67445
18574 67843
80111 80322
464383 403962
627677 1450329
161929 207419
11220 276918
33046 306394
464598 214701
68996 67445
1490756 481707
154990 616985
146322 80755
122846 934508
33233 2489
1450349 159708
1445889 1445848
1401693 618378
1449586 1449587
1449586 1449588
617708 617285
355327 23289
410077 410278
371137 2489
314522 831039
464054 464056
464054 464055
371249 135421
466074 6861
1380187 313771
1060050 1059585
85968 71326
141917 141919
244268 152951
165282 852185
93852 93854
1218568 69988
210472 14123
1108920 1108919
355332 355331
143399 594242
1491237 1112011
85962 51872
859955 859956
859955 859954
74037 70106
106603 164102
1111988 372122
142212 142211
1457283 13883
1107249 852185
343537 1346414
64996 1153550
190944 60960
372765 33317
304057 304056
1490248 666056
464183 464184
1446391 1037448
1490757 707524
505508 158305
1128451 513941
526171 526168
1490968 1490969
121986 33238
8261 59205
4465 70252
139009 139910
95673 77636
1140496 1140398
934581 214560
31049 133503
139442 139910
67149 1114744
141268 6993
68004 1467331
33233 27835
594519 420720
140216 1116884
858874 144011
181064 355205
143828 146071
141479 141481
141479 141480
309031 526853
141248 140513
163331 164102
72052 72053
73156 73155
464600 464597
464600 464599
80622 49795
372190 617285
16593 266892
561942 208926
4448 447435
58940 58941
123467 868495
106593 27536
141246 139442
140513 139910
935007 18178
360958 614708
624164 439842
624164 624163
1212729 1211604
69096 174767
1129236 419459
1423029 196052
407765 466073
419867 276918
1155440 270671
143399 1082224
749807 105932
400114 400061
1187330 1451162
913440 171917
1351504 1351502
1490921 1490923
769777 164204
94618 82736
75899 92440
83690 83691
1457859 14046
36868 445613
559486 559487
81472 77157
217353 1060145
13922 427595
70247 156277
548388 372190
114949 304063
266859 181086
747789 747788
1141458 40264
2535 2489
164984 482533
1411534 150791
371339 465947
79794 79793
79794 79795
1127160 1127158
1127160 1127159
1108873 237274
164922 164921
15262 48124
92954 90977
419100 419310
87229 75059
463842 27424
1351504 1351782
181077 353716
617146 617145
404333 131968
1135071 1135070
1416546 934090
534669 894506
33577 398321
100407 179321
858817 418995
87188 90130
148970 163330
148970 163331
1381133 163888
1381133 163889
404333 347510
22939 1103232
148970 371846
449471 142193
77555 85704
373353 85962
753644 1125500
148928 312876
1077458 1077460
33276 33277
1332474 1332473
146888 144838
236506 1289660
410008 410104
93924 1154476
1031607 1031606
419104 419103
1165668 961734
1027037 106588
29790 238770
139364 139363
139364 139368
419088 419087
419088 419086
1153951 1153950
400157 400156
143909 145633
140563 141060
146480 207419
45901 14766
719176 36640
1351503 1351782
72824 80691
1154330 1154328
1154330 1154329
1154330 1154327
1220506 1220504
1220506 1220507
250118 31910
128579 1029726
447292 831048
445366 148928
2559 410278
306771 934357
536268 536267
163322 163330
20062 153374
64606 935088
746964 748212
1059585 1059907
141208 140259
1380187 594519
1282918 110362
691952 1141150
146848 33262
72507 74622
72507 74621
106574 39979
77551 72431
163215 163888
309198 418947
465893 139044
1483073 122226
4465 164720
89283 81724
616210 616209
19979 51872
93912 147493
481708 481707
75667 35188
18178 122684
399872 400050
251291 428479
559113 134034
464171 464172
464171 464173
165282 164102
1138893 1138894
4062 37273
514369 495786
1127393 1127392
139165 142037
934829 934831
165214 267371
162535 163717
559768 559767
559768 559766
1450647 120325
22943 874538
61937 162564
211145 446456
526490 526039
213876 212293
99589 420574
868938 83157
215360 1154466
1127453 463622
162535 543325
162535 543326
756575 1033066
371623 22898
67843 162564
372145 106613
303350 464621
1107167 70026
885466 419831
32964 2511
481667 163809
559113 465861
82343 99081
1350011 473746
87337 82073
93499 70106
304144 143393
128362 464384
212519 105047
252304 252305
1449587 1449588
1449587 1449585
91254 71680
1107241 1107242
215699 212524
79769 79768
831048 20066
46126 1077323
46126 1077324
142516 140495
465872 465871
213226 139109
1107249 775458
76565 75808
91479 91478
76907 71686
140257 146886
71546 71547
548388 48516
267029 809647
66663 45195
552494 1039967
1141482 1141481
164769 465968
164769 465969
165260 14603
2559 410077
110898 1064443
253937 14602
253937 14603
401940 19903
36868 18578
163792 24786
170306 527008
170306 527009
165165 68831
624247 428475
887884 887883
84384 84385
5455 27835
935054 935053
458097 114012
142869 145183
1040191 1508831
18038 889805
45333 774449
355337 355336
355337 355335
372927 1468062
88960 88959
213015 20842
139153 139157
139153 139154
858817 858816
19721 165288
300729 16270
26079 769838
1507723 221236
402362 103284
4062 162564
371068 774510
141208 141588
372665 410104
372190 27835
889801 67348
1039528 1259011
559553 31094
36452 465871
859560 859559
1108874 237274
1107242 36165
1073818 1073817
464525 465608
481690 481691
15084 181086
662514 374578
934728 934727
934728 934726
1029658 190405
1483013 1483014
33426 131903
66045 314568
464215 464214
145182 145183
145182 145184
144558 139169
64975 1289132
1449589 1449586
1449589 1449587
1449589 1449584
1449589 1449588
179357 617285
48516 27835
27805 221549
50291 506329
67105 1504141
1303293 1445747
536235 558943
526171 526170
433807 279486
7935 982269
1346373 314568
64024 402770
165144 66501
141248 141249
141248 141246
146887 146886
78154 94619
156277 1027105
156277 1027106
123749 226838
66271 68221
143909 143912
143909 143911
143909 143910
178117 418982
178117 418983
410278 410104
371249 398400
526361 526832
190973 16943
66516 66926
336438 371708
543325 88646
702334 1431031
1113829 67390
1490755 481707
2494 177319
1490190 1490191
33577 69626
418976 100512
143412 16636
1490462 951499
71445 76677
163330 371846
301254 301255
614700 614678
71819 75611
686592 1383074
11220 27536
91946 33484
487585 668850
1467477 1467476
25268 159350
304194 887894
304194 887895
753384 753383
401984 466349
144320 481666
144320 481667
144320 481668
144320 481669
1491397 1491400
1491397 1491401
1282584 465947
514369 164557
212295 139109
1460052 1411036
1435226 1435224
526077 526080
1451488 36382
349585 898779
464600 23074
67921 225055
13641 136571
144052 419059
33687 33384
444966 372490
1107240 36165
81151 81150
38197 82989
409032 618759
32964 2489
143014 146425
504621 775423
423733 181061
420297 104049
303646 775260
961965 1346203
146888 146887
74558 73526
547771 547922
1126268 1126269
59329 60688
143369 141001
19583 457186
596393 1521638
151839 70553
111580 68880
355331 355330
526125 526041
1029717 1029716
419485 419486
419485 419484
719103 238291
445366 312876
213166 254597
251291 148930
123749 775434
1154476 1155250
100779 33183
303646 304180
1383365 1116502
29843 17596
16270 506192
727223 24498
177307 373387
142698 140702
531026 267428
33484 33384
1332500 411938
1332500 411939
506099 159144
372779 58353
1508666 1508667
1490758 1490756
439931 4062
67445 67349
163322 481689
90438 93436
267154 177195
1078998 1068845
1450647 1128776
83826 86977
39734 172174
47222 212295
74851 74852
74851 74850
420435 303378
831077 33384
531026 656630
559226 547305
73355 72117
889680 68996
32779 727237
1526416 179306
74622 74620
1351502 1351782
372181 373163
1451162 27136
26114 70075
26114 70074
26114 70073
175962 1285
68038 11220
91551 91550
857887 857888
100404 69961
280948 24498
869177 869175
400227 400225
139182 306838
142899 139168
163330 148972
163330 148975
934352 934351
774627 34952
98188 418963
1491397 1491398
1491397 1491399
1491397 1491395
748511 26473
447292 20066
267097 267528
372975 324091
83248 83247
1129600 1129598
76 402250
1034453 1351293
1362124 1362123
371010 717340
312884 14425
934335 122674
464780 491591
88438 73725
88438 73724
875719 1275790
145655 1346222
2559 306394
303327 465560
458985 131640
106594 586706
526041 526490
215491 37005
1450348 1450349
1108792 1108791
337143 1289978
548388 617285
106595 105516
163205 163355
371159 48461
371159 48462
1490249 666056
481666 775327
206536 1389706
666056 1490250
464495 464496
68408 65940
135433 144320
1350624 1445747
182994 16593
526070 526071
963809 1504224
934581 214558
2857 837181
1070537 1070538
1366231 913371
1490212 93924
934306 934305
464932 6861
30911 69223
22872 267089
142900 143912
163331 106612
78934 81029
1256712 417851
1061370 1490247
1061370 1490249
139182 149732
76220 3814
618522 614728
748635 748636
1321047 1321046
1113014 1125500
79255 79253
146002 70239
1258223 447435
7422 1490174
48681 67587
1459739 1459740
98188 418962
1291925 1291924
445237 465933
526003 526001
526003 526004
424115 32948
144556 144559
144556 144558
464599 214701
34952 464706
94838 94840
918302 918303
140703 140702
35870 458097
141644 141645
617143 617146
617143 617145
8243 161450
596260 211433
419087 51872
74580 65964
447203 1032778
33233 1401693
401940 1116679
617634 337616
76713 32555
1491401 949368
1032907 552939
75708 466467
70247 32157
88100 73674
1450648 120325
826090 1289753
826090 1289752
372190 48516
638473 42613
213367 213501
1457531 321399
313771 1039980
296372 860617
1153910 935070
163331 775458
140074 140072
140074 140075
543340 375249
526029 527096
148970 852185
140259 146893
92888 75012
379801 1345821
1219622 283049
1451488 59372
1160794 1036520
85043 92584
372930 1410953
1116649 372180
418976 68699
26030 314508
48124 17395
1449463 497833
464383 128362
67285 373007
147402 147469
22955 47139
874707 371078
267044 266859
875678 1282719
1257950 543611
79339 84316
79339 84317
225489 163417
464598 464599
464598 464597
1074720 1074718
1074720 1074719
2873 142018
33687 17930
5455 617285
163330 852185
1154327 898779
934215 312886
251291 830968
165282 1107249
100380 303593
859560 859561
934090 10460
65905 1411164
18070 159947
419086 85962
72259 68969
90978 92954
934228 16601
251128 178780
868819 868821
868819 868820
303694 33313
234123 506200
1346223 1346224
1450647 1352103
75215 87413
1213083 825194
869351 314117
419733 1346453
1140795 1140725
1435224 1435225
400368 400369
561942 561943
21588 37978
402836 353711
306729 596329
858815 418995
1290005 1097313
930390 10154
1070315 1069137
1446754 246922
165282 106612
1081998 160357
214813 464597
1081605 1081638
45333 121999
481706 481707
300729 6133
1107243 1107240
1107243 1107241
1107243 1107242
1107243 1107244
47793 1127154
420582 301107
727215 874776
526081 172791
656603 656604
144988 144992
144988 144990
464705 464706
1128776 1449937
303337 306499
82736 94620
1459989 370814
463751 8684
10882 6711
1460053 1411036
506199 506200
506127 165323
246922 1446753
1258022 1099
177315 177317
33687 33484
255884 179341
75050 84654
141917 141002
569289 1040564
935006 122684
75060 76372
1039317 1040396
267154 727237
1490190 1490188
1490190 1490189
7257 753186
286736 206947
162535 147432
372020 1081956
1257983 1041037
1153910 386338
74686 504843
135421 402250
142900 139167
210818 769777
146903 401771
142778 141013
141920 141342
1218789 717340
1135072 1135071
1135072 1135070
1075550 1075553
1491388 1491387
934866 879829
614815 371708
519375 497833
144205 142665
1060453 1060452
391114 1078093
140073 142937
140073 142938
32927 372110
93912 526312
41702 159947
1023614 596890
38971 164746
68304 68303
696021 857860
182994 359961
182433 148928
1220809 1220810
719103 175209
142213 142212
311541 375336
48461 48462
91946 152951
96005 420406
33046 100646
846132 14603
527191 526506
1491060 1491061
74811 74331
215764 1290030
163792 148975
450835 45934
548388 27835
146871 146872
146871 146870
68440 179341
603226 301260
140257 141196
244624 410402
309125 372257
143399 420473
656673 1037448
753126 753413
134378 1380172
164169 163494
747784 428687
68699 418975
68699 418974
371967 831039
68836 898779
211959 1260156
70121 401984
1060050 1059907
402261 419313
9137 164451
9137 164452
211959 170816
995232 1467480
1491189 1491188
103877 323257
599315 215704
139108 144525
72283 84132
1508520 1259271
225489 141615
251291 172174
67331 73714
267200 22872
714990 121986
1258471 425808
1126268 1126270
1218704 160668
75060 87230
177300 410277
769798 266859
33112 42371
1139561 1141475
420269 1115446
48283 1309014
72114 73355
400054 400053
400054 400057
140703 142698
150244 59261
48681 226838
372190 2511
87218 87219
1490922 1490921
20062 420671
353705 19732
37656 163593
464272 304127
526293 309031
93009 36680
1383379 1503945
1522226 59372
212239 267447
617708 27835
93924 2519
250098 18603
1160794 1350469
145638 141013
1212378 1212379
1211996 371793
144558 6993
934725 174944
1490476 66999
84655 84654
140754 141013
304056 180631
1115099 1114744
6861 466073
141249 139910
83916 78934
33046 410104
1027106 1027105
526324 526323
147447 147446
1061370 1490250
552939 38138
543340 543339
543317 543318
371057 868336
292578 38138
775422 465933
1490879 91217
183062 1059887
887882 26049
91649 72431
94838 94839
49057 75974
49057 75975
876154 1074048
63635 1258282
1449584 1449588
1449584 1449587
1449584 1449585
139412 258568
95178 139910
465598 58872
284398 1380216
269406 419015
495786 164557
18022 148681
2133 68831
83568 91573
559226 558900
67843 727270
301191 301360
846005 207836
464381 464382
464381 464383
1076905 1076902
1076905 1076903
1154121 1154120
144557 141268
465969 465968
178117 70340
868534 373141
164630 140134
1383441 443711
140385 140384
1018397 106588
33022 32964
66749 30911
1258357 1258356
373353 419088
97315 71567
44199 106637
527232 171480
543296 543295
77176 71289
314526 906916
413954 266859
1269701 314568
1074050 1072390
83135 84385
163792 852185
1284264 1284266
1284264 1284265
1081684 223281
76562 71369
43913 60609
1380172 433808
1345864 35314
5455 617708
1211959 714643
1139167 749888
463827 463826
273058 374602
143211 139410
79793 79795
144012 858877
144012 858876
68035 324091
75059 87230
1211299 372096
692249 36720
65930 559450
1220694 1127973
1031607 86434
13057 150791
17129 245074
889703 248110
141920 143369
177199 410151
177199 410152
141246 140513
139442 140513
19729 69654
1350138 1350136
142900 145701
167277 10834
179357 27835
1154883 952692
2535 618378
719152 719153
719152 719154
844270 402494
526401 526402
163792 164102
1127906 464312
21537 69050
934726 934727
1491237 1491238
763671 1345882
594302 22955
543348 543334
140563 141058
73048 71369
75241 1029461
140257 144838
526078 526080
2559 410277
400226 400227
400226 400225
1457562 528538
1211855 371793
212015 171870
1449106 159708
16910 306124
559767 559766
638473 68035
178780 463842
25927 60046
464381 128362
458942 614560
1078484 1078479
1212730 1212731
33383 372110
145560 145561
59372 668018
92954 65370
23885 869195
23885 869196
309125 309064
875680 252
934725 47222
141002 141919
69995 1450287
559286 445511
481691 67348
1381133 106575
1258214 1258213
17403 146759
82342 76184
656765 445613
48107 80310
1082016 1082017
93912 526505
464126 6388
144560 144556
144560 144558
144560 144559
139575 139169
1258875 1103232
754490 1383441
47243 65892
130406 59141
182433 1060146
210819 33104
163792 371846
1491281 1491116
360266 596890
164102 371846
20928 365935
177380 10652
463853 464409
69769 1258357
410106 15008
82736 94619
1488558 913371
1211298 1211299
238291 175209
491893 139704
71665 83169
140827 140828
1401693 617708
163856 163855
145830 464485
217595 1116884
1461060 209060
96574 420555
1522227 1472358
165050 1359396
961595 332723
33426 618496
159144 43399
400056 400054
400056 400053
18574 244414
252450 1060440
163331 24786
163331 24785
139321 140310
106579 159144
1081560 1081561
1411125 1004088
1401693 617285
323257 68831
1211298 1112454
142037 139168
1490400 18723
1430957 1059887
445237 504621
93924 69096
146598 146599
146598 146597
146598 146593
164407 164408
481667 481666
481667 481668
481667 481669
339120 464056
339120 464055
769805 346803
641647 1073526
641647 1073524
641647 1073525
128106 618384
210813 591812
1491398 949368
420244 420406
2535 548388
1257939 221174
618378 617285
73085 61280
44199 1060387
1129253 419052
702825 155414
1491387 97723
2489 48516
1494195 303593
69441 497669
165050 143412
1220809 1220808
1154330 349585
473709 48124
87937 87936
146596 146595
1284267 1284264
1284267 1284266
179357 2511
59220 128006
213289 1032777
32964 208761
1060303 767963
20062 181069
344332 774490
67937 60609
464054 339120
75060 87229
543319 614685
33046 121990
1212731 1211604
2638 221162
67072 44564
1073524 1073526
1073524 1073525
363971 1154672
78925 173575
526001 526004
31206 120325
1078998 1079000
98903 75515
60238 1029461
844727 844726
531026 656575
23399 211200
140517 144094
172791 526080
121986 68831
1416739 106594
1495959 1495958
1027068 1027069
303646 304063
67587 226838
424120 112080
79672 79673
79102 67105
1289804 1289673
142193 27536
139482 141674
1282722 112734
592344 1025029
241 1475998
2638 1099
1154236 202008
860618 860617
1111988 1211698
148970 165282
94620 94619
8684 15122
141207 142684
1495959 1495957
140690 857859
18574 18565
868938 868937
163888 160668
466311 5722
774210 774209
75012 73028
1282584 464780
372774 19903
9430 35188
1070311 1069137
413955 164195
33313 164102
851553 164656
24785 24786
182994 33383
382515 1491238
375272 445613
179340 33087
853349 1383387
1346373 66045
128132 60609
74789 69105
462064 159708
139925 139928
139925 139926
372342 90403
213718 934508
100404 727223
830908 181100
1450646 1450648
1382576 1215671
273331 68418
27805 3708
100680 543316
33262 303457
382515 1491237
141816 139044
464383 104190
143369 141342
8261 934508
514397 766325
933787 1289974
106643 141304
87229 87230
69864 384379
868579 100407
858816 747520
33313 165282
1155440 270528
210796 493847
1165668 375449
48827 254597
1451488 211012
96242 92497
1346260 80755
1401693 48516
851311 851312
213226 130417
49192 3708
1002908 347804
1504146 96535
207043 38695
1060442 252450
842577 114177
675676 768838
163331 852185
900827 208761
1129324 140702
142684 140259
1135270 252396
276918 39354
1115151 66999
1490645 1061659
141248 143030
155812 51872
1258697 586134
1490191 1490189
1490191 1490188
1127451 463622
69993 69992
43553 33383
1258049 1162490
1258142 1040662
142064 26030
6230 88310
543319 614687
106611 164102
334956 889703
614557 614556
33687 160128
18390 4789
775342 775341
374579 545396
75439 934855
774418 691613
677071 139623
656765 18578
596339 267147
167441 14766
161355 160128
33313 24786
33313 24785
1292639 253698
24478 43982
148954 165336
355338 355335
103257 586706
23316 464600
68221 45195
1332499 411939
1332499 411938
355342 355343
599053 1289718
1383465 1259498
123749 32174
419087 419086
1081801 284512
244624 371329
349585 1154327
349585 1154328
349585 1154329
27805 727192
1258325 1039297
464504 27536
213367 122674
181077 608408
59240 18475
170680 1490572
1270028 69988
543292 312883
543292 312884
526081 526080
1025282 902007
1075554 1075553
1075554 1075552
1075554 1075550
371137 371005
1076936 732673
715400 301391
66983 727223
419052 66501
1073817 1073820
775344 775261
226062 163809
133673 419206
121987 121985
144556 6993
1467970 1467971
104190 464384
372701 163550
508013 1081998
1491395 949368
177307 181083
19572 399912
79934 87469
24498 1019899
75159 78598
105600 845994
177300 2559
90438 72946
267528 33238
372662 1461136
144991 144990
144991 144992
142819 142820
1491082 1491083
1072965 1072966
1072965 1072967
13076 6151
481666 481668
1450648 1352103
830995 33312
603226 155414
90978 65370
845982 304167
371158 104049
344408 160128
284395 1040339
1070017 1070019
143096 1081649
71915 73489
1107241 1107244
244971 250087
418995 747520
142684 141588
93374 73258
465962 465963
1078484 1078483
1078484 1078482
1078484 1078481
1212730 1212729
1068660 1068661
16593 372110
714643 1213417
67105 85798
750143 128126
142064 314508
31206 1128776
14602 164947
309100 212972
148954 120165
86272 71714
266202 2559
132113 465968
132113 465969
1472358 59372
23074 214813
73732 73733
143399 463623
1345988 1504213
114767 353713
93924 338604
869195 869196
1074050 876154
411694 167976
144855 140517
164372 24747
717340 1040564
106611 775458
536251 24790
33233 617708
294849 436845
17966 33305
153781 149155
1060145 1060146
159708 1417476
407406 33279
67921 481697
304063 775261
858912 858913
355343 355339
140690 140264
913440 170816
5455 372190
1219623 283049
67937 43913
1490922 1490923
33154 164195
934724 934727
934724 934726
868534 373115
1460053 1460052
122226 36680
73298 73297
596339 831079
37825 59243
1490645 91017
66749 69223
8471 543931
96095 1383463
1450348 462064
1154329 898779
91188 213414
1060137 526410
311080 317533
79253 79254
42420 147489
1383131 1383132
561832 123911
200241 1064317
790229 397107
143096 353707
918253 67845
1070013 1070018
1289934 418947
143588 859171
304258 141383
181069 17129
67587 775434
1076100 1078040
1078480 1078482
139182 117993
91946 244268
58353 102059
48802 70553
371137 27835
934897 59109
163792 1107249
1351183 1350573
120165 33484
74789 72835
1467332 68004
1491400 1491401
371493 1039297
148953 1247318
1257181 1346191
66998 775340
478534 1365306
362742 231868
466340 464126
373259 727355
1447690 1076206
441205 5463
144557 6993
75667 75666
164582 753329
717340 19583
403962 464384
346214 769777
1449071 1449072
1491400 949368
182994 402261
1127454 1127452
418983 70340
562337 59860
93924 173006
140119 140120
99169 65599
46880 402258
346214 591812
859381 859068
33484 152951
558943 536234
558943 536236
179357 33233
143412 1359396
1207673 227863
869319 23858
934100 963809
6230 140384
6230 140385
58238 543360
1059940 1059939
1077081 1077082
140342 143096
145639 141013
775327 481668
935053 144525
147432 543326
164792 163428
251291 1259183
1108935 1108934
204276 2304
1029716 2541
106638 14703
775458 24786
526125 526039
860618 445102
1039967 1041063
1061322 1490253
775260 775344
775260 775341
30128 799997
623379 1114954
465567 465568
276663 441241
677486 215427
420646 73028
7819 526894
69612 491907
413865 267371
808267 1082175
1346372 1269701
446600 160588
775343 775344
472237 4169
323976 464775
614699 377698
373413 32174
717340 1081654
1070013 1070017
707524 481707
139165 139168
1450648 1450645
48805 48806
1382873 322947
2757 2133
273375 231868
1128603 1128602
1291917 177329
1289210 463708
163331 106611
1035038 1450578
15121 505882
59359 140215
418987 1029440
163526 38161
135433 24759
301204 614588
98139 98140
1073821 1073817
1361910 1109338
1029727 1029726
33577 2559
33008 165323
874538 831079
24786 371846
317499 1289934
47243 69280
301260 702825
1490249 1490247
1059648 1059890
1154327 68836
32927 250128
128132 361019
24785 148975
72116 72112
72116 72114
110349 110826
1070015 421240
1158592 982269
1289819 1108975
1475836 1410957
355332 355330
1060303 373082
179357 372190
1066513 1113979
1070184 1070183
142869 138971
353717 141059
1211298 372096
17930 505701
346164 530818
1073643 1077324
1073643 1077323
1211995 371793
1383186 1108485
163331 165282
1040910 457186
141248 139442
139705 144026
464272 60688
464598 214813
1411177 519045
1490411 196052
1076936 548738
1411090 1411091
160816 559684
160816 559683
104684 13893
66271 45195
47243 66108
420671 109345
1113828 69220
895498 1069297
895498 1069298
895498 1069299
210796 303337
139475 164525
214555 402250
47851 142663
157196 218181
445102 860617
1069298 1069297
118518 160739
139926 139927
147512 934367
144855 144094
254035 70188
1346204 1346203
1445956 1037448
769822 32174
371329 410402
140234 284512
164195 160357
536300 536299
163477 421723
122523 100407
140234 596347
1350790 1350789
1386171 206947
23231 81686
1039297 552939
33154 809647
559201 48124
251745 1070578
934335 213367
347391 225483
1075554 1075549
868820 868821
1045545 253698
359961 163391
33691 7785
1381133 160668
36868 656765
67331 79687
267528 250087
1490248 1490247
1490248 1490249
76562 72259
1154330 68836
536260 536261
303646 775261
140690 857860
868534 373262
1211994 371793
763671 1346203
763671 1346204
73356 72114
73356 72116
73356 72117
73356 72112
258955 420565
410277 33046
182994 496921
144637 142665
82212 1490650
163792 24785
25010 594519
267200 267089
1069299 1069298
1069299 1069297
180843 419115
346915 934352
1212730 1211604
934725 934726
463616 144320
87465 1318158
102396 178814
1522227 1451488
273105 148930
208341 1029658
95740 79795
934448 214560
93924 405145
373262 373141
141917 143246
1258481 2605
746928 514045
217352 1060146
254165 145780
82424 79933
82424 79934
1282326 20314
33154 244268
375444 375445
1107165 70026
212068 211036
1450349 462064
33154 33484
355329 355327
355329 355328
775343 775341
775343 775342
273001 46717
1258544 1258543
252225 617093
934085 173642
182433 217352
106603 852185
144320 24759
868819 868818
548388 2489
1259225 831048
353716 608408
775341 775468
187302 1458816
769892 46374
66445 314568
1258282 1218910
211684 30128
88310 140384
88310 140385
837094 32015
233554 252806
266202 33623
1389339 679306
76313 86954
148434 543334
441205 372695
92440 80930
109345 245074
179357 617708
139132 100732
19979 85962
1107164 1107165
252231 702825
215685 59107
172174 830968
163805 934199
375218 165146
18070 774568
1060441 252450
1275790 1488791
1114776 1382928
106630 106595
86525 73028
193038 206536
464599 464597
117255 65905
88646 767947
1416335 1416336
3712 36224
164920 164921
164920 164922
141644 95863
420297 420296
420297 420298
61016 304134
139321 142903
38352 1255525
65823 1345801
747153 24787
526002 526005
526002 526001
526002 526003
410277 410104
145184 145183
464599 214813
631134 109339
163331 163330
107338 1011497
10032 1503973
181069 22939
1350013 1350011
21537 122362
1032778 915936
69769 1258356
686381 171261
1491050 2355
465893 465891
57042 373353
163792 106612
163792 106611
790229 1467520
790229 1467521
934637 88387
1107249 24785
1107249 24786
139320 1218981
252251 252304
252251 252305
163888 106591
918157 254035
464254 16598
1075551 167116
399907 399905
90131 75877
463793 4169
211199 23399
212543 23546
283556 139044
267029 160357
846037 1292108
449471 1503917
449471 1503918
420582 121986
141165 143515
830995 120165
1507723 170012
934141 211766
23316 74973
2559 33046
141247 95178
935008 934716
130406 130408
15358 85030
68038 39354
215569 165323
464450 35409
696021 857859
66271 66749
141246 139910
64729 506044
179357 2535
1318453 1384193
120165 145256
23566 16270
464450 464449
1345822 379801
141247 139442
395930 614625
24785 106612
774433 907076
767947 543324
1416546 10460
614797 614798
214701 464597
868916 868915
614701 614678
857141 1495153
1107166 1107164
616523 1458792
4062 727270
66663 66271
76701 78333
1154150 1154517
868507 346164
179357 48516
299511 206908
68408 33386
134034 465861
67898 58324
1165716 1244263
68551 85554
419088 51872
303694 1107249
934856 934855
1154327 1154329
1482874 891736
1445747 554769
1449586 1449584
1350468 1350469
40656 164408
4423 464986
163322 148972
35769 22955
43553 17185
506127 33008
86565 86564
139363 139368
376693 1211963
526293 526294
1383057 569643
725501 160165
1450348 1417476
41798 436845
369923 569643
1107242 532497
119421 1416303
139926 139928
816 526190
1345882 1346204
11330 297898
147455 849976
41634 170816
1070313 1069137
1411055 1411054
75975 75974
1346327 46880
121998 121997
213367 934795
140517 859391
934724 47222
1004088 1411123
1212378 1211331
303271 304127
68983 749129
48107 650395
59260 58951
1114776 1382927
411939 411938
87603 71945
1129324 140703
464272 304019
465892 139044
1384476 1384475
149732 306838
466075 70001
1129295 20066
303694 24785
303694 24786
625385 837229
372342 67921
1508567 1258505
719159 10087
1359407 48731
1040910 1040564
1450286 1450287
66529 19729
155812 19979
23163 210871
858869 445102
679306 178809
1490251 1490252
543325 543285
