175102 211694
33154 33024
1039734 1258300
565357 2323
188612 72946
372507 423777
33023 32948
68035 42613
179349 250053
163810 104305
1504344 1168573
234111 775458
22872 1345533
754426 528589
66592 30728
1008747 1350692
27407 419596
221012 21922
163810 463855
215114 27518
1346295 1346296
21560 31808
17527 1289997
677501 874669
830874 19903
346921 1457538
80939 80938
163626 161210
213561 470823
135421 76
466099 164518
164367 148928
1212111 189055
171535 773899
462134 470823
351900 142791
717340 1103700
154230 1077285
727190 24498
252349 466356
934644 934645
1113812 1054788
531955 141986
155301 371495
148954 33003
132 398366
161256 219407
1207526 1207527
1275305 1362198
1345994 334251
213410 213411
427991 38163
346914 49370
106602 106604
111325 1031348
1468018 1283713
1504363 221230
1177631 48344
73795 1113959
411967 147354
74573 164479
18437 23518
163717 543326
163717 543324
1258940 1258939
778351 778350
10584 69619
619060 619061
934351 214373
1075123 1075122
1504343 851543
109188 116575
427991 577024
427991 577022
427991 577023
427991 577021
70337 171899
36031 576986
301480 301481
447203 2757
577032 330659
464334 464871
1107222 1107223
24763 24770
288197 165059
74621 98235
473746 1350012
849770 614597
267029 19903
775460 775457
791338 168669
1383679 72946
42414 677761
748563 39485
68221 66749
1140207 1140206
372701 16613
775458 775457
1490766 1490767
90074 987407
24759 24757
753980 77276
487463 1283962
1072458 1067687
71356 81369
1104964 1212421
1346046 4169
179342 32979
142698 110923
48808 1103651
59261 213846
18586 32979
214362 464012
1258552 142791
600880 1346021
1070662 1078032
16270 61937
70429 168657
1078997 1078996
526392 428297
1259377 346921
141172 145090
1064130 1064129
571301 885466
67122 1166108
78779 83900
77302 76753
576962 336719
617718 617717
142900 139168
1031347 1031348
576976 576969
139475 163608
182433 32174
616204 299579
1504346 1504344
1384560 1383870
145090 141002
76804 97003
70109 80173
70109 80174
70109 80175
304071 346914
18070 106585
472237 69864
304338 66047
372064 372063
371575 233836
889297 465704
559201 17395
24776 211400
420269 266261
565369 140134
831789 1078939
466004 463980
105600 16612
214362 171870
1070268 1036587
66505 143113
248939 68657
213561 462134
885426 279246
1447511 153722
70778 61433
1401685 124180
571301 28057
1447511 1447512
1447511 1447513
164195 267029
72112 72114
72112 72117
617461 617462
112377 683290
963823 449059
1116753 16863
445718 1061893
322977 69619
465876 465874
181067 68831
464495 1346022
49370 493867
32777 371913
371577 346914
1024494 310817
72585 82492
72585 82491
72585 82490
1067436 1067437
303520 121982
87935 87936
87935 87937
1024450 1025160
1072757 1072755
1072757 1072756
96796 96795
851543 1168573
1346437 97073
526029 526675
143130 143128
1258239 1258238
88998 88997
449186 1323056
526572 526571
66071 1410838
73451 84654
419761 419760
526138 526137
1114550 1490327
577007 576994
81071 83321
1431090 97431
1207462 375821
555574 519045
466389 466388
74704 74703
66241 70111
254445 132113
213287 79082
139293 66998
465719 465720
411952 411954
411952 411953
59070 934504
312648 163443
23616 49211
1107406 1107407
1078033 1078032
1078033 1078034
1078033 1078035
1078033 1078036
1078033 1078038
82103 70321
1258170 1258169
553356 552345
1078974 435490
66983 67620
727237 108418
148938 23163
94033 91017
69441 66964
301479 301477
464449 35409
577035 330659
841287 1153808
140014 140303
16270 33624
24764 24770
131796 67983
577020 42940
1467386 806120
1115091 149788
900822 900821
140216 1116467
1482846 233836
1282085 16738
124986 414389
24708 24710
24708 24711
831048 1082247
797741 1284358
7422 171535
1220116 121986
165303 851227
1115221 284977
1212222 1212221
1212222 1212220
74047 74048
74047 74045
74047 74046
14233 33624
66299 66300
140538 140537
145701 139168
152951 19903
577005 576986
79967 144461
707950 16269
702295 702296
76561 71370
1482815 1060226
1459994 1459993
336719 576966
336719 576964
1521891 1522256
69735 72822
36822 346914
160702 160813
79123 87188
132 727237
1495495 1495494
831077 591676
398553 151083
1504346 617915
372701 561846
24498 45753
68060 371457
374602 273187
372603 372604
372303 301502
80173 80175
66936 419031
730763 171899
19908 250059
624124 624206
162426 214087
72975 77551
20592 44199
543325 163717
337448 35314
1289127 112080
1188271 1416395
309659 1468144
79082 50278
82736 82735
164626 164624
164626 164627
212521 100407
918176 918177
300927 907257
140017 79967
526625 526393
1070662 1078036
86583 87505
419218 419219
24773 10351
2560 2466
78402 94226
89285 89284
73677 73526
212798 617915
371878 371879
227322 19903
19729 1166096
526570 309040
1258171 1258169
508053 109345
211051 20766
163888 164479
1258047 592135
20592 104173
17930 163591
139295 139292
371458 371457
201725 158933
43388 15084
472237 715409
1079652 695615
918288 377277
1504108 1504107
84316 84317
252519 372002
1346182 1346184
36031 576994
449091 1024753
90218 90859
371469 15925
552771 114052
1384038 1383915
1448723 1446191
478557 402448
106594 105516
131968 177314
851979 24712
58364 1059890
1416480 885463
301189 530411
1139769 1139770
48808 267422
753473 753472
1059947 1059946
353715 1283958
371272 69961
952464 1258686
164373 4537
1304982 692709
899592 899593
120146 139163
466097 466100
466097 466101
1258239 1031287
1073055 1073054
140489 140492
140489 140491
140489 140490
164898 16968
3716 410152
140302 140301
143129 143131
143129 143130
301310 543336
281234 399836
371137 2511
18574 162564
1226725 1039967
66087 66086
446288 3256
775457 371373
171074 61433
1075129 1075128
1075129 1075127
32927 142803
142900 142899
345959 851352
363971 1504313
140469 140471
792874 617107
49260 1025185
301189 617222
301157 948076
402257 33640
1458807 1458806
543349 543334
147458 13057
1468304 1468303
361938 373661
104305 164557
577921 492183
1024559 59128
1107224 1107225
53023 552728
106574 106573
231268 1350341
679306 679307
791323 66248
613159 592387
190366 128806
1259337 1457289
78272 78273
1257933 1257931
576965 576964
576965 576966
576965 576963
1345804 67639
1467838 845994
176355 874538
1025056 1025055
234111 481661
68831 492183
1449565 1446707
55693 373250
25592 313488
70111 67417
792874 148964
1107316 372695
142938 142937
577073 948076
1168573 617915
163626 163255
465728 465727
163889 164479
1458801 384602
1411263 1411264
79255 67200
44978 312857
44978 312856
990420 96574
1071522 1066925
464010 138658
1153528 478483
526654 526101
76678 76677
1467702 1467703
567804 17129
605420 837185
553311 465214
1071521 1066925
24773 27039
1383246 826090
76220 75885
59106 212060
1127780 70337
1494247 288081
112377 196052
577020 427991
117873 876469
1350453 1075636
145998 145999
23147 162517
577023 42940
466429 466428
872781 446600
164324 213487
747940 27062
577019 577024
577019 577022
577019 577021
1522132 213414
559549 1467360
46501 208961
23546 214134
373182 373183
918382 918383
372340 347510
849701 849702
29843 77157
4402 1153563
303566 303564
313976 371279
1103499 1081936
1383679 188612
298809 49211
371751 66525
162535 543285
1389417 1389416
1389417 1389418
140310 139748
65970 1112011
530374 679303
1482815 252349
96837 4853
934504 158582
1024778 371459
1024778 371457
372408 463855
552346 465214
1283634 1283633
234353 158682
14365 147334
149732 164933
66045 419183
20592 163500
372913 191638
104487 279246
934145 50278
1045870 1114824
946841 1075127
946841 1075128
946841 1075129
5455 2489
1115224 1154093
83826 73827
493937 493936
1283960 930228
1283960 930227
71887 97392
163504 163503
140197 371669
897880 1260142
161294 24745
1345628 66300
164636 164249
1075121 1072410
200762 36870
1321062 29642
141172 141003
141172 141002
358855 1125874
1207429 116575
1024686 1024685
1351391 1350138
164518 466101
164518 466100
1447731 1449632
24707 24710
44199 304071
24734 24737
1127780 171899
2560 410152
2560 410151
82450 72946
82450 72948
410151 304071
1283960 1283961
8261 304071
555561 147469
114730 1081600
8011 36193
1411046 358547
140537 61905
18586 179342
76679 76678
76679 76677
1346010 1346011
159393 5433
303979 1346441
66415 371699
33379 147430
66592 180697
559642 419196
337448 145625
72534 74045
1154123 1154122
553311 70421
74622 74621
1346338 303979
49511 158167
37656 147491
930227 930228
140960 140961
140960 140962
338381 565372
990420 420555
37359 163730
70321 70319
543336 543286
25871 6678
754654 39971
1504342 1168573
466429 67064
80088 80938
769805 347481
164319 164320
163807 464875
303651 303650
1289333 1116701
1107215 1107219
179315 250123
99473 96306
511603 105904
194250 1143995
1345576 1345573
1345576 1345572
80070 95739
171953 513314
1244892 48808
163809 16744
1283068 932616
16002 306481
1071521 1071522
1071521 1071520
372759 32174
1431255 1491369
1449950 1449949
382515 1467690
163205 148986
44199 8261
1447929 1446191
496805 35769
754426 1031331
1346331 858240
140491 140492
140491 140490
1282084 16738
89284 89286
1029461 42738
1025018 1025017
1025018 1025019
702390 702391
372337 233877
1416362 1296407
1389419 1389418
77276 1383822
75885 77157
148938 267181
48827 769827
212308 247
140216 164981
466101 371422
543348 543347
617229 33157
67220 123712
617462 147469
1212639 1211239
212801 25361
77276 570173
1504346 1168573
520774 190621
1077320 252330
24773 163782
446477 19226
457186 18603
371794 768882
110923 123712
75295 1024433
75295 1024432
1212963 1212964
143129 143128
775459 481661
73375 72835
372669 372670
58893 1024686
275803 19732
1107406 372509
140017 144461
476995 93924
266825 43553
7257 509458
1127711 144057
869351 147478
143246 145090
899591 899592
899591 899593
899591 899590
1060007 215429
142018 97073
577073 1059771
1040063 552939
160668 465857
1346295 337493
1475772 372863
565380 2323
303271 304019
71819 75885
33154 359961
624300 398553
1010527 1010528
177199 2560
73956 1115408
1072410 1075120
93872 262355
141507 115792
141000 79967
493946 478516
211738 934778
577024 42940
525956 487487
1522132 610818
792874 571248
72534 74048
72534 74046
76989 71915
76989 71916
371354 371353
14772 762883
1416930 462064
161294 464875
140538 61905
1283958 1283959
92660 981813
24749 106613
830602 33426
71819 83605
139046 59359
24794 24793
597471 234125
301479 301481
141000 144461
251291 445468
1495914 1495915
141430 142188
623714 181086
10068 1115037
99333 99334
75446 75447
163469 24751
321541 596339
617888 234873
1107220 1107221
88646 163717
576972 576976
163862 147467
88021 74621
59180 28149
411969 411970
157522 59243
24711 24707
24711 24709
214362 211570
372335 233877
742319 630524
24759 121990
906980 33157
146844 160528
624204 678376
1445726 1447142
1383204 2601
234109 419024
85890 84060
60750 37828
1031331 33324
1071866 1076179
353710 353709
577004 36031
456518 1213132
179352 177211
1072511 1072516
1072511 1072514
1072511 1072515
1072511 1072512
1072511 1072513
1072511 1072510
212144 215406
775458 481661
456518 430123
527124 527122
353715 930227
1283961 930228
237701 250044
16968 24783
1283960 353715
214555 135421
504947 504948
602798 149787
142347 142346
401984 400338
775457 481661
75899 93288
1381133 164479
303652 303650
68831 19903
74573 106575
59359 418955
1153766 42959
27157 1116750
1140718 627677
267422 20146
23163 134034
10351 38778
1447513 1260071
211260 173642
465876 465877
1077284 1073521
906980 617229
505759 58855
140017 142938
140017 142937
304049 304051
1078216 1071274
73364 73165
526625 428297
139321 143220
1411501 169920
1024756 1024755
1024756 1024757
371458 37065
1467690 1112011
309064 372257
163884 10351
71469 76089
88438 72835
33386 1040662
20592 304071
543307 543310
577035 306481
1447509 1447513
121986 32321
371577 49370
577004 577008
145017 360650
775287 775289
775287 775286
356653 207836
73028 1289958
76184 76182
227322 267029
1107224 1107226
1107224 1107223
1107224 1107222
1107224 1107221
1107224 1107220
72621 72620
1495894 1495895
70107 81986
339187 122680
168518 284977
371751 371752
20592 163235
1078038 1068756
1024928 1024929
1447509 1260071
1059775 1059776
1059775 1059777
1488550 1103499
74573 160668
70006 1107407
70006 1107408
66827 65446
145017 212576
312884 312883
72112 73355
304050 304051
2556 418983
2556 418982
22223 33288
1283958 930228
78779 79658
1033424 113459
466428 67064
466428 67061
141172 143246
96226 140689
140958 140962
1259334 1039441
164137 250059
1060226 252349
477219 1259042
1072410 1075119
303992 4502
212117 29313
304338 224813
1226725 1041063
330646 569643
446429 1410845
38360 225512
775459 234111
1258401 447435
1389634 67526
1350013 473746
465109 753774
161409 478534
224813 30728
930227 1283959
930227 1283958
219926 1416930
163955 372408
547771 227322
849701 64729
388686 155955
139167 139168
529197 1292593
530452 1258470
142425 140684
1283960 487463
148933 148982
2701 16612
2701 845994
347510 372337
347510 372339
347510 372338
1247386 552939
163294 163516
137905 171115
96291 176006
36031 577005
1069290 1383347
527828 577065
775289 163389
466098 371422
69909 40553
683290 196052
775458 775460
1468068 806120
140958 140961
797791 281022
1155080 371775
1155080 371776
1059771 948076
1447830 1282194
1258870 251291
626665 130078
1416329 1416328
2535 2511
531955 139285
1072513 1072514
146397 146396
35769 47139
874524 22930
506956 1024757
92839 92838
1039903 1259281
1064190 1064189
624300 151083
493023 492350
372490 50278
1078039 1078037
1078033 23064
143399 1128113
303992 303993
1504358 92661
1211016 1081524
576973 576975
576973 576977
163593 163888
488912 900821
141248 146404
141248 146402
141248 146403
24765 24771
506956 1024755
352187 464449
1127780 372291
413807 1039383
149005 164627
1035112 1104098
851856 70121
1024779 371457
1411381 1411380
18601 4062
93579 93580
577024 38163
24729 24731
372248 372249
234353 372145
1002895 369356
182994 306499
615981 615980
371284 32157
140962 140961
74620 74621
177199 2559
321537 321399
214558 214560
899548 1389375
102461 530593
183121 1124611
17930 1166111
59175 56826
164245 618190
382515 1112011
212521 212520
1064190 1064090
85354 85353
1345657 141420
830948 704804
33104 179344
74621 81824
1489126 6701
164102 24785
59319 59007
851543 1504341
402140 324158
108453 1212964
24776 32174
143113 146137
465875 465874
1346296 337493
552976 466132
1061322 1490239
105637 168730
164923 17763
465821 419836
272959 1247340
32964 32835
304177 304176
304177 304178
371577 493867
371577 493866
106575 160668
1494915 1494916
149006 164626
149006 164627
149006 164624
149006 164623
24720 24721
617088 234125
576972 576967
140017 140014
140017 140015
76372 75059
114010 543350
114010 543351
141533 141531
141533 141532
1072516 1072515
1072516 1072514
1072516 1072510
1072516 1072513
250065 131745
67061 465821
9117 13537
1107407 372509
616079 12
24711 24710
464022 110924
419546 419544
752826 30681
372501 51152
440488 1155829
76084 76920
121981 250068
321541 267147
337471 1467460
1258552 351900
466380 466381
1154986 474359
164636 4423
577019 42940
420582 1129297
165214 1458811
301502 344424
1283960 1283962
214555 618178
5430 33104
24765 24770
73375 84240
147478 314117
1025211 362796
543350 543351
273581 727446
196873 1153737
160816 14570
1258939 717509
128118 844655
618092 254726
80940 80939
1504345 851543
100778 58391
25987 372843
1490584 1490586
24766 24770
1447512 153722
182994 32779
576971 576968
1107219 1107226
1107219 1107224
1107219 1107223
1107219 1107222
1107219 1107221
1107219 1107220
411951 411949
1495804 1495803
143371 20607
27734 372845
211031 211032
83562 88244
625400 164677
1219754 1219755
284364 1258927
212543 215406
37209 1490
163593 160668
1447510 1447512
410151 463855
44784 162564
1381133 74573
347128 70160
466098 466097
466098 466099
76562 73028
30681 373136
105600 2701
300116 44784
1467838 16612
139503 140082
140682 146253
382515 885460
372020 831048
1075122 1075119
543292 621741
106584 2489
163955 463855
32089 402078
144216 353705
1059967 1059966
543307 543308
33262 419472
465580 465581
122803 20791
372335 372338
372335 372339
234111 775457
372338 233877
94451 77382
1504345 212798
419194 32015
463664 303614
1024779 371459
526410 1490767
73956 83005
306729 44784
33691 165159
577921 165165
66592 224813
622947 1273176
19572 1346315
149005 164623
149005 164626
149005 164624
1073053 1073054
1073053 1073055
158682 102059
1384000 576728
212060 212059
543291 527731
1072512 1072510
1072512 1072513
1072512 1072514
463829 463828
2559 410152
2559 410151
71370 73028
31049 32997
360650 144514
1116931 399836
1165668 768790
225493 472224
2560 2559
165165 492183
161450 164557
250097 250096
971276 945213
527074 526101
371137 5455
33687 120165
304050 304049
462044 1467615
1128636 1128638
505997 505998
1078033 1070662
552346 70421
334956 176106
1495520 1495519
1025185 59175
1351269 1351267
465616 465617
163955 40746
851795 464449
1115221 1114387
1346079 243254
212308 212307
410151 410152
1370822 1273176
304127 304019
1495173 1495172
109188 1201012
930227 1283961
525942 526743
451046 465047
24749 158682
347510 42230
373082 1010519
444305 885420
212519 212520
370769 67220
140690 96226
26457 465594
140997 140905
1504342 851543
37278 1108447
598783 1345689
371861 360650
372336 233877
1025258 1025257
1447502 1447142
301480 148927
1244860 1259072
1107216 1107221
885420 27422
104684 164792
1115212 47384
353715 1283962
353715 1283961
466429 465821
27062 1115037
465661 465660
44978 577032
4502 303993
1383715 601048
23064 1078037
23064 1078034
23064 1078032
23064 1078039
23064 1078038
625400 372408
273114 102537
178776 145765
24498 336937
100701 337493
266832 1107380
1114548 623379
28486 384933
1343705 44558
163294 106592
8261 163235
602008 1106614
212306 247
1345574 1345573
150244 845994
526394 428297
304071 463855
1224459 70778
81315 1345829
140016 140015
149001 371215
372507 371959
1068756 1078039
1068756 1078034
1068756 1078037
24765 24768
24765 24763
24765 24766
49322 1024878
93924 1114526
875993 146137
420671 227322
372877 372878
372877 372876
18574 179300
419761 317533
577023 38163
143113 139320
1346460 897979
543349 543347
543349 543348
371481 371482
371481 371483
260131 1207534
1284358 797791
141429 918239
163955 164677
1107215 1107223
1107215 1107222
1107215 1107221
1107215 1107220
1107215 1107226
1107215 1107225
1107215 1107224
36822 493867
36822 493866
233857 43074
1259014 153452
1458801 372002
1139726 1139363
526393 526394
1039515 1508218
857985 1345886
39040 213846
1075121 1075120
179315 70129
528076 85030
212521 212519
84058 85890
1040063 1040062
336738 514013
1411389 1411390
1447731 1447733
248078 158682
918517 372345
411948 411949
73537 77476
961595 194250
27805 267154
69026 769932
371835 371836
371835 371838
1321062 1320977
267154 33104
270433 614755
73356 73355
73356 73357
269462 1025332
1351268 1351267
1351268 1351269
59070 49260
1259377 1033275
1160078 930228
1160078 930227
493952 282257
1107222 1107216
247 212307
34964 465045
34964 465046
50278 1081772
1069195 1069194
67280 1345832
67280 1345831
487463 930228
1283915 876176
59106 212059
33381 147430
73577 80783
464012 212015
444884 100713
18607 18606
160381 211648
181067 267371
1024434 1024433
1024434 1024432
36956 44098
577019 38163
371668 371669
857865 5425
213287 213285
213287 213286
1378395 871589
68304 821731
577022 38163
372336 372337
372336 372335
372336 372339
372336 372338
1060317 378171
147367 216002
24751 24750
1446280 1446279
445613 68927
555561 617461
555561 617462
76561 76562
874580 15084
1260142 215062
179346 206947
518396 1103499
67587 19729
99611 99811
148970 106613
1384000 1384001
371638 238418
401863 417286
576728 1384001
1025185 56826
1346183 1346182
1346183 1346184
420671 142803
32788 32785
18574 41742
312857 312856
96574 96575
1213131 430123
411951 411950
577004 577007
577004 577005
140014 140015
98170 75886
1081524 1213132
1071172 585096
370948 371638
1107406 1107408
79967 140072
79967 140073
32948 160668
477008 1320977
314522 304063
1078033 1078037
1078033 1078039
1447504 1447142
213929 137905
372248 70075
163782 27039
1011691 996436
932458 1467402
362796 266037
1075122 1075120
1032407 298914
83292 80122
1211488 1211487
1064917 140017
1139080 800860
1447512 1260071
505480 48200
382515 256328
1077321 252330
90477 75922
1079214 815136
182433 410151
109188 1207429
609383 10822
306167 899456
106589 130468
1446917 1446439
1082234 64536
24765 24769
24765 24767
24765 24764
227377 1384512
214555 76
1212222 1155109
1283581 1283582
163889 160668
321488 18606
93924 50278
372020 1082247
83605 75885
1504344 212798
373054 373055
72114 72117
751640 899592
751640 899593
751640 899590
751640 899591
67064 39396
163810 104173
100404 164169
78022 1166111
140960 140958
27805 398366
248078 102059
324158 153905
54807 330646
18565 18564
1447830 1447530
140303 140072
66999 86555
591676 142698
301479 301478
1382825 1382826
849702 64729
1076458 1036587
505998 20734
659408 123367
372343 372344
66983 68831
465214 70421
1072754 1072757
1072754 1072756
1072754 1072755
46251 106594
1067292 1067291
1067292 1067290
24763 24766
1345669 1092
576994 577008
64164 466113
1079214 1350543
1079214 1350544
141003 141002
526570 526572
370948 238418
1168573 1504341
1430900 66620
98256 98257
106637 14703
1207593 1207677
91940 95123
33112 164751
465214 553356
145520 145519
1107216 1107217
70074 70075
58893 1024685
449059 371813
2710 968377
164102 145068
82704 79701
1211016 456518
227521 1345973
416194 17353
981813 92661
576972 576969
33313 68927
68831 152951
487463 930227
69220 67390
1154702 1154150
1213131 1213132
140017 140016
410010 112080
28057 885466
163782 10351
1078036 23064
860025 1345832
747792 747355
1151655 1445755
10584 67165
140470 140471
140470 140472
164662 851227
164662 851228
1129297 370979
141003 143246
1025056 214560
769904 31056
493946 493945
1114880 35688
140016 140302
140016 140301
372181 32804
146404 146403
373168 372095
606328 123358
466099 466101
1070107 1074556
1070107 1074555
1081763 221152
75708 83321
831075 334806
293133 16744
1292057 1292637
24975 97431
2535 423777
280935 901928
439211 164423
244121 371897
304071 32174
419546 419545
140956 140959
140956 140958
20066 831028
78876 72975
569468 25582
1107408 372509
727237 398366
72116 73355
373008 373009
918157 498609
140469 140472
411948 411950
411948 411951
21560 16744
267528 338100
1072515 1072513
345959 466403
1482781 36463
1076178 1076179
3487 33097
165095 165097
851543 1504344
165303 851228
885426 885425
505287 465968
1107222 1107221
1107222 1107220
1107222 1107225
1107222 1107226
373387 181083
218920 250044
411958 401893
837185 1220077
837185 1220078
466100 466101
727432 33008
106579 106592
1107220 1107216
1107220 1107217
179327 179326
67587 1595
140017 140072
140017 140073
75414 73881
5425 304078
428479 284370
24749 372145
79334 58595
1059657 1059658
382515 65970
33484 160128
140194 194540
1070810 1070268
423947 123358
14365 20592
164415 17031
464804 145556
96574 89908
81576 84240
74287 70106
140014 140301
140014 140302
900822 900823
300927 44784
18594 2560
328115 996436
304338 180697
68060 371458
68060 371459
347510 233877
24776 463855
24767 24771
24767 24770
145158 514013
254745 918390
1071171 585096
1069544 1067437
1069544 1067436
372140 1220335
1092370 1346338
618652 618651
851333 661696
617087 617088
1323056 1323057
93924 15469
75241 266262
1346011 996436
594302 374602
165023 165024
69211 885466
1258937 747077
577008 576986
703110 703139
67220 110923
487463 1160078
885461 885462
139285 141986
1321061 477008
189055 1212112
165095 163516
575925 100228
576963 336719
333565 70111
1103700 38138
1250136 148964
1116552 874597
232376 791331
163889 163543
420671 44784
1507744 251291
24706 24709
24706 24707
70107 70106
33687 163591
1024756 506956
1346028 303877
139636 70239
33262 375385
617457 179326
144715 212576
1504346 212798
617157 617158
1024434 75295
791335 791336
371570 371492
526570 526571
110924 161411
96837 402448
466097 371422
234111 371373
148970 106579
223721 553101
33392 68676
67161 371078
16744 33132
1040619 1039932
24708 24706
514013 899509
254788 267526
1283172 1282348
214988 35921
33640 192983
106613 158682
94550 35188
74048 74046
74048 74045
1447510 153722
69909 267200
1431204 1451241
69211 571301
2511 48516
375449 768790
411969 411971
1107224 1107216
1107224 1107217
672350 1507846
605420 1220078
605420 1220077
1127711 1127710
613019 418947
1319965 1248353
178780 43095
906051 653268
181079 181067
1445726 1446639
1350978 1350977
1350978 1350976
133828 458410
139167 145701
1350850 1350849
164479 465857
906905 906904
1430709 360790
304071 160588
23316 214701
68831 592041
543310 543308
543310 543309
1283961 1283959
31073 30681
1411256 1467402
493023 1447126
358855 227521
1061517 1115312
141531 141532
163782 104173
72947 73526
1446799 1446798
139249 139250
33154 160668
488912 900823
1024450 1024451
301477 148927
526743 526218
1258964 1033887
1447126 492350
505191 1025037
163805 213613
1107223 1107217
1345906 164373
505454 59205
375218 439931
32779 16593
1039297 1082234
27805 727237
576971 576967
576971 576969
851543 617915
46425 472989
698851 43504
1447510 1447511
196084 10822
1482815 466356
465570 559641
577006 576986
1321061 29642
1079618 1213412
373114 373113
1114819 18302
165097 106592
2510 122003
577024 577022
106638 106637
1107219 1107225
1284358 281022
164898 24783
80173 80174
1495948 880866
543308 543309
418982 418983
85353 72860
1116651 112080
1128637 1128638
753553 753552
141232 136571
216240 29779
594302 273187
1077669 1077764
105 12
353705 275803
158998 213561
372445 372444
212131 420251
1346437 142018
303659 375385
425796 1039322
212053 10834
372336 42230
768790 831028
79245 63723
33347 18586
372002 30790
16426 654415
140016 140072
577007 577008
148970 163888
148970 163889
1504345 1504344
1504345 1504342
1504345 1504341
181067 830874
143867 143868
140576 140577
143306 143308
1482846 1482845
1025056 214558
371668 70340
18070 106584
543334 543347
372630 100748
1258401 1258223
465766 530530
949809 35283
2969 164984
267089 225512
1153766 1155268
466099 466100
1211968 1211967
1126188 179341
42940 38163
212543 214134
165095 165096
54807 569643
328115 1346010
85551 95739
606328 423947
106575 106591
371278 371811
371278 371813
162564 42377
1154689 1153597
106579 163543
82736 82734
139294 139292
411957 147414
250103 250044
1166059 769894
73432 74266
19729 128806
398553 1099
158606 20876
1458811 1125794
495477 1490767
1207638 273374
212131 61788
618178 76
163477 774305
617222 543298
42069 61433
75359 2224
477219 1040087
831075 61788
526395 428297
328115 1011691
143306 143307
300927 679307
143399 146622
21252 852001
21252 852000
36822 49370
18302 883393
250085 250086
149006 149005
851203 41737
301479 148927
106584 250059
106575 164479
1446795 1446797
1446795 1446798
140899 136571
552524 536233
68753 371913
176931 1289753
176931 1289752
899558 899559
81576 59230
74973 10834
159220 250081
851352 466403
25469 61906
28182 70075
1482781 35039
164195 19903
1346460 925003
1253121 1383347
1224459 61433
624247 439842
142367 857653
85551 80070
449060 523419
874615 267044
1067436 1069545
24767 24769
24767 24764
24767 24766
44199 104173
267371 19729
1069544 1069545
267044 303378
303913 372695
1490167 1490165
1467839 1467838
1250136 792874
29779 419336
219926 462064
66983 266892
17930 120165
1107219 1107216
1107219 1107217
1024719 1024718
86582 87505
140197 70340
223009 358547
97366 97367
234125 234126
1107380 1107379
213289 1292193
1384986 1291036
775459 775457
1078035 1078038
1078035 1078039
1078035 1078032
1078035 1078036
1078035 1078037
1078035 1078034
1107226 1107216
1107226 1107217
577033 16002
411971 411970
33392 513480
311080 15262
120165 372591
37492 753202
79967 140015
79967 140016
727419 33008
1024433 1024432
80940 80938
148941 148942
616370 58247
24706 24710
24706 24711
211648 17031
1258446 1258447
727369 769821
577035 16002
304338 66592
44978 330659
1468802 797530
71665 99619
306175 617780
1446639 1447503
1446639 1447502
830602 618496
155299 18621
18591 273581
610818 139788
38163 577021
93924 79082
1219875 805962
345959 493891
1077322 252330
75059 76371
49322 1024543
339156 381130
1419959 1508404
419760 15262
372340 233877
143399 140234
70121 400338
552966 552968
17403 94317
1503970 212798
139293 139292
139293 139294
139293 139295
1149146 74150
59225 59227
1283962 930228
1077320 1077322
1077320 1077321
413807 1218841
371668 144718
1495785 1495783
170680 1490166
74973 91079
70778 42069
1350543 815136
211031 13119
1447510 1260071
21560 293133
71916 71915
543307 543309
139503 143128
899590 899593
899590 899592
934100 1345703
459775 110898
141433 139192
1040062 552939
85236 75513
1114818 883393
791324 158682
1079753 1079754
71445 73165
1384128 1114182
213414 610818
72622 72623
24767 24768
918154 66248
950535 206947
371812 371278
139295 139294
67220 142698
106579 163516
86846 371836
86846 371838
372339 372338
148927 301478
59070 59175
1411263 69988
868507 444966
212519 10834
1213131 456518
1346010 996436
372335 372337
1059648 58364
1024594 704804
1459750 1459899
165096 106592
1416276 1416784
1467891 124180
1107223 1107225
464333 464334
576971 576976
384602 372002
1447510 1447509
65820 65821
419544 419545
577006 576994
606328 1283690
473745 1008747
1025160 1024451
23616 298809
1207593 1207610
75611 3814
8261 163500
1447509 153722
24730 24731
14365 163500
139171 146905
25956 337616
371841 371272
227503 33478
766325 1107142
3709 3708
7819 162656
419762 317533
266262 42738
1504165 81508
1070268 1073692
1383379 981813
704415 310817
1078036 1068756
371577 36822
47793 444523
596747 1416362
992820 1494990
1321061 1321062
143254 141319
371094 372197
304141 601954
1154969 198979
577006 36031
163807 161294
97168 93713
1467702 464939
88111 88109
77645 77644
2519 15469
304240 1346436
225483 1125424
213908 213909
71819 71622
41737 253598
427991 577019
830870 402448
1490766 495477
85235 75513
2469 161160
163889 465857
525942 526218
402257 33624
178624 616323
82491 82492
68454 210767
1107215 1107218
1107215 1107216
1107215 1107217
301157 1059771
1140084 1140087
1126088 1126089
1153920 84977
1114775 1114774
24794 68003
1207534 1207575
2469 41742
58493 373281
227503 64164
163248 165165
227322 165206
1446754 1446753
160255 162564
56080 279246
730763 372291
8571 140689
552553 552554
1070268 1076458
78779 140856
1321061 1320977
1219753 1219754
1219753 1219755
1072512 1072515
1072512 1072516
1382773 1382774
164154 481678
1155109 1212221
576963 576964
1401685 1467891
1138996 1141250
24724 24723
182433 304071
464778 464775
1289881 1097310
33379 33381
1346357 1346358
27987 372160
1475833 491585
7999 1153808
1078036 1078034
1078036 1078037
1078036 1078032
1078036 1078039
1078036 1078038
1031528 1258586
143130 140082
402140 153905
939177 1244567
35563 50725
2560 617264
215704 65446
187302 3487
490117 1031125
66528 339187
212015 18446
73956 83900
1072074 1072073
621741 849766
509561 1025332
21786 304359
85236 85235
1447513 1447512
466487 466488
32174 104173
466428 465821
163248 68831
2488 177211
465874 465877
463946 121366
73357 72114
73357 72117
73357 72116
73357 72112
33392 419015
401941 70129
466175 163593
154230 1073521
1033275 1457538
370769 123712
163889 163888
353704 273313
21252 167441
1024902 165059
1258115 1257976
25010 1039932
465214 552345
78249 73165
1211331 1212161
143254 143255
1211791 1482695
775459 775460
1107226 1107225
1107226 1107221
1107226 1107220
2559 2466
163593 39175
547771 142803
52189 1024825
82285 80589
1114548 1114954
353705 273313
1025017 1025019
95998 95999
95998 95997
161256 18588
371215 135472
163888 163543
1140086 1140085
1140086 1140084
1140086 1140087
1045870 1113917
1107287 1107288
1155080 96726
323847 81879
26342 306615
37756 966960
250041 371210
353715 1283959
899557 899558
899557 899559
1445755 1350810
1253121 1069290
371776 96726
144558 141984
473745 1350692
143246 141002
3716 18603
1072755 1072756
98170 84060
411950 411949
106630 105516
182994 91946
439211 67843
162170 411939
1140619 1140618
108467 1319965
74049 74048
74049 74045
95413 89103
372210 668421
40746 463855
1107225 1107217
1107225 1107216
15469 303567
106579 165095
106579 165096
106579 165097
549409 213411
153813 359962
543322 543321
577034 330659
164677 40746
76183 82342
885419 27422
96795 215687
147491 163235
373136 493857
139503 143130
139503 143131
72947 73677
303327 304019
95852 75943
1059678 24267
553311 552346
958464 402990
1039287 1508052
211570 171870
830989 69961
106584 106585
401940 141615
419252 419251
1345694 465655
72038 1113812
84758 79769
95136 81068
624248 439842
543324 543326
1370823 622947
139339 371307
798229 265528
20592 160588
1446639 1447504
1504344 617915
355205 162491
1468832 1408734
1383246 1289753
915918 1040745
73724 73725
48827 371043
143131 143128
617461 147469
118075 477058
96796 215687
26457 372665
163593 465857
518396 1488550
35091 527731
24746 464392
1259429 1104037
927956 68652
131796 67523
375371 176753
164137 18070
10351 160668
590615 850703
80478 72818
465911 463956
16270 33436
1350976 1350977
464805 145556
141920 141172
44978 16002
131796 769821
36822 211400
140471 140472
1082119 1148824
1176720 172174
140899 140684
140690 140689
992820 1494989
59070 158582
163810 164557
78876 81988
359960 336778
36463 35039
426681 1067687
266859 15084
221260 260371
160462 424020
576974 576967
111325 1031347
41737 851202
7785 165159
96795 96797
717475 1289794
72835 73725
72835 73724
1350544 815136
24735 24736
24735 24737
576977 576969
576977 576968
576977 576967
1411339 1026991
161294 4537
889298 465704
1504342 1504341
1504342 1504344
371668 140197
577035 577032
577035 577033
267044 15084
576966 576964
148964 571248
96797 215687
617107 571248
1213131 1081524
79082 1114526
70188 68952
140956 140960
140956 140961
140956 140962
498609 918158
1283959 930228
899548 427691
1482828 1482827
27406 680613
1366114 1301462
509561 269462
107565 253308
1345533 42447
142345 142344
619061 159219
1041013 502088
89285 89286
25956 543289
37065 371459
465372 465374
371303 371304
234111 775460
177284 401940
2489 27835
807563 615356
33154 152951
576970 576974
196873 1064592
382515 885461
382515 885462
382515 885463
186626 212196
74851 71665
1113831 23923
106575 163889
106575 163888
1060341 1060342
1060341 1060340
73676 73526
830989 100404
141232 140684
679306 44784
148970 163543
75897 75896
423896 423897
347128 889271
1257932 1257931
164137 106584
775287 267005
1031330 33324
465822 465821
717340 798229
284368 400552
372352 372351
139316 1114727
830883 142803
165336 1595
312853 252349
463797 526101
18594 2559
321250 244599
143130 143131
372336 347510
74046 74045
599419 313663
1447504 1447503
1447504 1447502
26457 38778
1459701 30158
1467666 179341
108467 1248353
19903 64810
141920 143246
446600 1258447
915918 1041005
831077 123712
73391 93246
216826 16270
576976 576967
411932 411931
576968 576967
576968 576969
576974 576971
576974 576972
576974 576976
163888 465857
1070516 1070517
300479 176753
420671 508053
1350713 1350712
1212221 1212220
918159 918158
918159 918157
73853 94569
1061893 1490287
141183 748481
1211016 430123
2535 371959
170680 1490167
170680 1490165
372337 372338
372337 372339
80111 68408
63442 77382
1346099 67753
481678 227521
139265 139267
5455 48516
1504345 617915
1445737 1445738
466099 371422
75886 84060
1212009 1212008
317533 15262
88462 88461
1114817 18302
375249 543339
140015 140301
8261 147491
1446395 1446394
144057 1127710
88109 88110
747548 747549
80477 72818
14365 147491
1258000 1041013
514705 1384153
851856 400338
106579 4169
24751 565359
67064 67061
851352 493891
139167 142899
36031 577008
36031 577007
144216 19732
163862 163520
131787 33624
1069545 1067437
1448312 1447733
38113 702391
142502 47793
106575 465857
1024909 431879
27805 33104
155476 1289934
163520 147467
145765 46924
49192 33216
420671 20066
372339 233877
98439 98438
24712 164401
84240 59230
163389 775288
139295 66998
775286 775288
372160 372161
144330 371774
1495814 1495815
164518 466097
1219942 1219943
875722 28198
68060 37065
1211016 1213131
1211016 1213132
33154 44784
508053 1275790
885456 1127249
256749 481686
1077763 1077764
163539 2489
505191 449091
1383379 92660
1383379 92661
1064090 1064189
1351007 1351005
1114819 1114818
373265 155299
1288940 1288939
89582 89583
702497 543339
69735 89583
148964 617107
140690 8571
464404 24805
543289 337616
1032411 1039472
140082 143128
241214 1383643
544992 1028227
851543 212798
1010521 1010520
1024494 704415
215866 31026
371327 32428
227377 1383721
1488 819289
576965 576962
768229 147392
1025258 398486
716769 146137
378171 1060318
164625 164624
164625 164626
164625 164627
164625 164623
826090 176931
1116705 1116706
616386 616323
1332492 815915
139248 139250
46034 144718
553279 553280
860025 1345831
513480 234111
284373 835697
552967 552968
552967 552966
165095 106592
1039780 1259105
163428 851579
164623 164626
164623 164627
164623 164624
465663 465662
44978 577035
370769 142698
747590 747591
254745 41483
353712 353711
1072072 1072073
1072072 1072074
820222 1116749
526571 309040
67064 465821
67064 465822
141920 141002
141920 141003
212264 58952
1224334 163783
145701 142899
463623 464875
1258032 1257976
16946 109345
76468 87645
769904 769818
163810 32174
123177 33046
141527 1043822
849734 147455
465708 1126596
95999 95997
918159 498609
103085 791330
576977 576974
576977 576975
576977 576976
576977 576970
576977 576971
576977 576972
1077669 1077763
1115 140517
140684 136571
1077321 1077322
86846 371835
86846 371837
143255 141319
1283962 1283958
1283962 1283959
851325 161450
1423051 39040
66528 122680
37005 17902
372057 37786
133828 1383842
410314 492589
1258032 1258115
164627 164624
419471 187274
526393 428297
179301 11330
400553 76
1410269 1258300
371776 371775
1220078 1220077
885463 885462
885463 885460
885463 885461
79334 75012
148933 400338
371137 48516
336738 145158
1467354 559129
672641 111002
91946 306499
1504346 851543
371897 371896
5455 2511
1107223 1107220
1107223 1107221
1107223 1107226
1073692 1036587
140302 140072
140490 140492
336738 899509
147432 543285
1103974 1258275
56080 104487
146903 146622
476995 1114526
371457 37065
106870 164557
221056 518756
16002 330659
79967 142938
79967 142937
85059 85060
309106 493946
210874 210875
18062 163494
419762 419761
419762 419760
552494 1041063
14365 163235
1283634 164157
163322 120165
85236 85234
918157 918158
213730 212152
141920 145090
526654 463797
1504343 1168573
1154581 194789
19903 273306
178776 46924
465031 465032
419761 15262
139636 68221
1040619 1257964
164154 373281
24768 24763
24768 24766
24768 24764
24768 24769
73028 1378395
66883 39396
73028 871589
594242 1459965
163807 4537
140300 140072
1449185 1449186
2559 617264
145546 139044
576968 576972
576974 576968
576974 576969
1495219 1495220
49322 1024879
225484 371851
1075120 1075119
26039 837035
420671 68831
32927 33383
182187 10718
371794 372507
104684 163428
543291 35091
1423051 213846
88646 543326
88646 543324
768790 20066
303659 419472
576971 576972
1457798 402338
775460 371373
466098 164518
139503 139502
419818 66825
1388462 1416664
372409 26577
1258238 1031287
2556 178117
99619 83169
1389463 163790
24771 24769
24771 24763
24771 24764
24771 24766
71819 76220
444305 27422
20592 8261
577034 16002
567975 68831
59003 215645
1074405 1074406
591676 123712
208178 69961
1128432 1128431
82072 82073
1447511 1260071
148951 26789
1490873 730795
885460 885462
885460 885461
75899 71745
311080 419762
624248 624247
1059991 614830
212519 91079
851795 35409
321488 321487
6673 71567
106870 104305
1070662 1068756
301310 543286
1031330 754426
165206 1107348
65970 1467690
61786 267580
659408 702859
92987 98796
61788 420251
1070810 1073692
24811 806120
224813 180697
100404 419843
311080 419761
311080 419760
791332 232376
19908 106584
42447 165206
372897 1468749
312848 312849
1224334 214372
1187 373259
577034 44978
410151 32174
505403 505356
849701 14550
1140085 1140087
1140085 1140084
1173394 837135
1383870 1116502
140303 140301
140303 140302
148953 69056
208341 190405
26457 10351
272959 250087
32866 31049
4534 356022
260371 961537
22686 555517
165023 122362
372063 151325
179301 48805
88019 74621
105 616079
1445726 1447504
1140718 1140717
513968 1032795
313521 596428
617087 234125
845994 16612
218224 749762
140082 143131
224813 66047
1266189 33443
1160078 1283962
1160078 1283961
543333 543334
1248628 140234
139320 13641
1107406 70006
31808 852001
31808 852000
80111 80112
23064 1068756
1129297 1219942
1045940 569468
304071 104173
1258686 447184
487463 353715
730763 1127780
1504342 617915
212306 212308
212306 212307
1446798 1446797
76183 76182
76183 76184
398486 1025257
36870 145084
880971 1449434
80830 78333
43982 1389589
1411218 281098
1031330 528589
21922 244971
18574 4062
140465 139353
372408 40746
491653 552970
577004 576994
216084 164923
163539 27835
73357 73355
140959 140961
140959 140960
140959 140962
181069 139738
55693 66591
55693 66595
303587 304176
303587 304175
303587 304178
114767 314522
1389375 427691
372340 372338
372340 372339
372340 372337
372340 372335
1507744 1258339
465045 465046
66784 419596
27734 372139
1384512 1383721
2511 2489
163294 106579
18601 67843
446786 934878
69794 35538
1457248 1457486
164677 372408
284370 1507585
470820 183121
591676 110923
225489 179349
1259510 1259509
1468120 806120
577020 577019
851203 851202
371415 465560
545374 569359
1212963 108453
66828 66827
104684 851579
430123 1213132
213929 171115
577023 577022
577023 577021
577023 577024
617915 1504341
267005 775288
267005 775289
267005 775286
1467839 16612
147491 163500
49260 56826
1283962 1283961
25010 1257964
576965 336719
18574 16270
46034 140197
1289681 373661
87646 90477
222372 373273
89789 1490958
81071 75708
464022 161411
1447509 1447511
251291 142803
42230 372339
42230 372338
42230 372337
1108803 814620
1383417 1382635
496805 47139
83005 1115408
43545 1389419
1066840 1074378
92939 98257
92939 98256
92660 92661
1508404 1366092
97315 71970
141506 115792
306481 330659
182994 163391
61788 334806
323016 725455
1107218 1107219
1107218 1107217
1107218 1107216
1345742 140517
577005 577007
577005 577008
75838 75485
526241 526242
1382963 1212071
303271 464272
299579 616205
1410987 1410986
212054 212053
496805 22955
140465 52908
1078033 1068756
577073 617458
962901 1204755
504746 20954
4062 61937
162170 411938
95851 75943
233836 1482845
22568 119385
1447929 1448723
104604 160668
26457 24773
96226 8571
7963 66250
143399 371015
504948 338795
1490167 1490166
106613 106612
464012 171870
466123 457891
81986 70106
75241 42738
1039297 64536
24768 24770
181067 32373
5441 5440
352187 35409
723776 478551
232376 106645
91079 10834
505480 34969
69990 335077
618178 135421
182433 104173
1289753 1289752
1040619 25010
176355 831048
543325 543324
543325 543326
106579 163889
430108 22481
93891 75059
44784 679307
18601 18574
140899 141232
372827 372828
1258008 553319
72904 95852
72904 95850
493866 49370
140014 140072
1282683 845988
73391 77636
1078034 1078037
148973 211114
24771 24770
1488550 1041013
77248 83321
885425 279246
25677 148956
1423052 39040
464849 464850
1114817 883393
1074378 1074379
70337 372291
131852 371889
233778 352554
372340 42230
254745 918174
40534 885425
143399 699114
358855 1345973
32927 445468
267238 371913
140539 140537
18574 33640
68445 65446
383928 44820
144624 144625
24773 164557
284011 16269
13119 50278
831077 110923
139182 164933
1494989 1494990
577033 306481
13703 1154230
419508 419509
32927 251291
143475 145103
543331 147469
372303 344424
1389417 1389419
885460 256328
2701 1467838
140605 140606
88244 1155906
72116 72117
1212644 198341
266202 769893
32779 372110
831077 142698
463853 465938
463853 465937
1490166 1490165
98796 1289934
1107225 1107221
1074555 1074556
359962 68032
1350543 1350544
1416268 1416267
1073692 1076458
87646 75922
1129297 1219943
140300 140301
140300 140303
1207693 1207675
93924 1504300
526074 526073
444877 399836
753823 253308
5431 402374
140303 140015
24796 42830
577921 68831
118519 233857
159393 188815
293133 33132
209133 104811
775289 775288
775289 775286
32777 267238
216240 419336
1467703 464939
224382 69961
66827 215704
273786 381130
1259377 1457538
74037 70106
1064917 79967
371661 565373
163516 106592
768882 423777
577253 147160
146622 401771
1451577 1451576
1075123 1075120
1075123 1075121
1115510 379764
1447949 1447948
17846 439500
427991 42940
1139196 1138926
1504260 1504259
304071 163810
371043 161450
164625 149006
1024878 1024879
1450389 1446707
221260 961537
830948 1024594
4465 70252
1447802 1151655
86525 1289958
1082000 38993
217364 6464
96796 96797
597369 1332266
77276 1361718
27805 132
1449565 1450389
88652 90424
857865 304078
68287 31049
21560 33132
160462 69380
147481 543298
526127 526128
98701 73381
553100 107565
1384987 1291036
178624 616324
360958 614708
1070662 1078038
1070662 1078039
1070662 1078034
1070662 1078035
1070662 1078037
40534 279246
597471 1467406
342606 208176
106645 791331
81170 81171
2710 67395
371458 371459
1482838 1482839
1070810 1036587
541959 1082042
775287 775288
179343 176557
466403 493891
1040888 1081692
742319 596375
395100 255402
95850 95852
95850 95851
1488558 1032411
577020 577023
577020 577022
577020 577021
577020 577024
428479 1507585
577023 577019
596375 630524
59226 59225
59226 59227
85061 85059
139320 59481
372443 372444
372443 372445
22872 42447
266859 181086
1116643 496949
80940 80088
1289127 410010
1258000 502088
163294 165097
163294 165096
163294 165095
1211241 1211864
89908 96575
18574 2469
24734 24736
24734 24735
372781 1165041
1259075 1173782
213367 211547
279246 147121
372335 347510
24773 104305
1128431 885448
1128431 885447
1467324 372916
87188 90130
1381133 163888
1381133 163889
74573 465857
301120 419219
301120 419218
77555 85704
337143 10176
182433 163810
729858 1446795
729858 1446798
173924 388683
43531 372096
449186 1323057
11330 48805
373322 373323
226062 16744
32927 1526060
104173 463855
18574 160255
26457 163782
66665 309120
874718 160528
98796 1504070
43982 1389483
543353 849860
1447513 153722
1140079 1140361
45901 14766
830870 478557
44784 32174
227521 1125874
1346062 1346061
159331 1154093
143129 140082
1060084 699248
33484 1595
88663 88664
420390 1321257
72507 74621
24709 24707
33484 165336
303587 304177
48200 34969
106601 106600
1078039 1078034
1504345 1168573
79026 71546
69279 599224
140300 140015
140300 140014
140300 140016
44131 44133
146844 874718
67737 67390
1075118 1075119
1345906 4537
1289771 1113959
372170 372169
168518 1114387
267089 19903
1423052 1423051
1345575 1345572
1345575 1345573
1345575 1345574
146623 28320
4421 22921
617158 618027
23248 179380
423947 1283690
464804 464805
301157 577073
1416729 401929
1077285 1073521
1155196 1155197
165165 592041
94451 63442
164154 164751
753186 509458
419108 419107
140899 142425
371812 371813
371812 371811
625400 163955
301477 301481
375385 419472
1218656 69558
662514 1382758
372145 106613
212519 100407
303350 464621
137646 273313
145017 144715
118519 43074
1283960 1160078
58872 58855
371562 35039
79082 213286
79082 213285
1350011 473746
465109 753383
753774 753383
372774 273306
1067291 1067290
141527 79843
92660 1504358
91254 71680
24773 38778
505997 20734
215699 212524
401984 148933
171869 215141
346914 493866
346914 493867
1320977 29642
702390 38113
72139 87323
66047 180697
106584 27835
1283960 1283958
1283960 1283959
153722 1260071
96000 95997
552494 1039967
370769 591676
213286 213285
1332359 1332360
371495 443845
1258072 524245
1329739 139950
1504343 1504344
1504343 1504345
1504343 1504341
1504343 1504342
372159 372160
372846 859507
1495784 1495783
1155128 652013
212798 1168573
165165 68831
463623 24745
10351 27039
371794 423777
33478 64164
67280 860025
370979 1219943
370979 1219942
1072515 1072514
300729 16270
1078035 23064
92179 1345829
707950 284011
217364 419721
81315 92179
106575 163593
419351 419350
251291 830883
15084 181086
1212526 1212161
72434 72435
525955 487487
72904 75943
1283961 1283958
1029658 190405
1332508 53899
464011 138658
1031330 1031331
24975 1431090
2910 67852
1075123 1075119
577024 577021
591870 376958
66241 333565
1155109 1212220
433807 279486
1219788 1219789
790229 1467992
85234 85235
301481 301478
328115 1346011
841287 7999
1258034 1258686
66271 68221
178117 418982
178117 418983
190973 16943
775459 371373
66516 66926
1156407 1212523
160702 1153822
1283561 1283560
238763 173642
1114021 998444
227503 466113
300927 679306
301157 617458
234353 24749
576963 576966
577004 577006
543325 88646
1401685 1467890
303829 303828
868721 1116803
464697 210760
518396 1041013
21252 14766
872781 1258447
872781 1258446
1504343 212798
1071520 1066925
445468 142803
75425 69279
211032 50278
464010 464011
84058 84060
140014 140016
13119 211032
175102 215406
1207462 624155
1126597 465708
161256 163520
768882 371959
897979 925003
1325251 431694
1416481 1416480
160816 36556
1332267 597369
144052 419059
82723 85883
559024 559023
163782 91717
1458822 179341
119075 38161
1258034 447184
616324 616323
1250136 617107
353705 353704
234808 948070
163955 372838
77102 95451
76562 71370
214362 212015
1076178 1071866
1128636 1128637
16270 506192
37656 161450
177307 373387
67737 149788
16002 577032
419652 42069
889297 889298
446551 112080
76561 73028
849959 128116
266892 67620
1467406 234125
1467406 234126
140538 140539
1389616 1389617
421759 195476
373391 373390
10413 164528
4062 44784
1467839 845994
73355 72117
26342 419206
76804 74686
1370822 622947
33379 21301
420582 370979
74622 74620
808014 1345855
808014 1345854
372181 373163
26114 70075
100404 69961
1459710 22038
161355 371949
874627 372548
1072510 1072515
1072510 1072514
1072510 1072513
1370822 1370823
142899 139168
547475 145256
1155268 42959
1151655 1350810
464498 464497
141246 143958
1220116 32321
301480 301477
45753 618814
76 402250
680798 882188
1060340 1060342
371010 717340
88438 73725
88438 73724
44369 464229
1419959 1366092
145158 899509
106595 105516
2535 371794
371159 48461
371159 48462
2535 768882
1447509 1447512
1031331 528589
49260 158582
142502 444523
577034 577035
577034 577033
577034 577032
464012 211570
885461 256328
371752 66525
768882 372507
27987 372161
880967 58879
24773 163810
1114248 1114247
309106 493945
465373 465372
465373 465374
1107408 1107407
88021 81824
35781 16598
1071172 1071171
1490212 93924
371457 371459
1411256 932458
304338 30728
67556 83489
1446799 1446797
1446799 1446795
139182 149732
724002 163997
1039932 1257964
1258223 447435
43456 543310
92655 96095
1383217 1259137
98188 418962
95999 96000
67390 149788
372064 151325
59016 59018
25563 1382825
25563 1382826
465822 419836
140703 140702
24498 618814
69050 64428
61739 208178
464846 1220010
496949 16876
624155 375821
1064917 144461
371149 727269
851203 253598
273287 306124
67064 419836
140959 140958
371836 371838
1075121 1075119
826090 1289753
826090 1289752
67165 69619
212054 10834
1066840 1074379
74049 72534
371373 481661
624300 176355
5430 522261
17403 1345600
72032 71970
1078038 1078037
1078038 1078034
1078038 1078032
163783 214372
95851 95852
67285 373007
66998 41089
410151 163810
1024691 1024387
78635 73049
1468551 1248628
148828 160668
309106 478516
1154970 198979
147402 147469
22955 47139
137646 19732
267044 266859
252245 312879
74047 72534
79339 84316
79339 84317
495477 526410
1416481 885463
225489 163417
303651 303652
18594 2466
211400 463855
1381133 465857
465030 142383
33687 17930
1447502 1447503
1078032 1068756
371861 144514
21252 45901
934090 10460
466100 371422
1081524 430123
72259 68969
1160078 1283958
1160078 1283959
145523 46935
1025055 214558
552710 466132
164677 463855
314630 907074
145667 140577
464875 4537
1107223 1107216
1381133 163593
212543 212144
1066683 1066684
1066683 1066685
45333 121999
1211350 70916
565381 2323
177246 5437
99589 1258072
163516 165096
163516 165097
1345576 1345574
29843 75885
565371 464696
144715 144514
74973 212519
163809 122362
730763 70337
1284358 281098
14550 849702
163889 163593
143129 139503
2328 80398
463946 1241863
2701 150244
26489 164528
211694 215406
772389 530411
273786 339156
462154 2224
1330132 398366
506127 165323
1153904 45358
371482 371483
163626 1116573
75050 84654
78876 77551
1153904 1153978
7257 753186
1078038 1078039
98796 45812
577020 38163
1153783 653268
162535 147432
17930 78022
122001 372729
146402 146403
146402 146404
135421 402250
1114387 284977
142900 139167
303649 303651
303649 303650
303649 303652
164792 851579
131796 727369
1467373 372661
159331 96291
1060007 1060008
303565 303564
303565 303566
371570 334712
88111 88110
160668 164479
24769 24770
616103 402450
140073 142937
140073 142938
69864 715409
221012 244971
145844 1220282
145017 144514
32927 372110
89582 69735
333784 1411377
24797 24798
1258446 446600
106581 104367
59216 7005
73956 78779
20592 147491
918390 918174
33682 37656
885419 885420
1220350 1220349
182994 359961
1416581 1416582
1490466 93924
774509 231268
769827 371043
48461 48462
44199 160588
753474 753473
512989 8049
612799 680161
35132 238598
553100 253308
213414 139788
1503910 3920
576973 576969
576973 576968
576973 576967
140257 141196
1447503 1447142
753126 753413
1258479 1041102
122001 250053
1107218 1107226
1107218 1107224
1107218 1107222
1107218 1107223
1107218 1107220
1107218 1107221
617222 147481
347128 189925
175093 220874
754426 33324
493929 179379
1488550 1081936
164518 371422
86583 86582
212798 1504341
525956 525955
9137 164452
21252 31808
114734 67064
149001 135472
146622 371015
1081524 456518
1389602 69961
1140029 541253
43456 543309
1345572 1345574
1345572 1345573
17396 17341
420671 66983
1503937 1043822
603424 709967
1345855 1345854
768796 24753
165214 1125794
67331 73714
24737 24736
95850 75943
37359 1451577
37359 1451576
466098 466101
466098 466100
1490583 1490584
1490583 1490585
1490583 1490586
1384986 1384987
98188 69252
72114 73355
543362 543363
1078035 1068756
1522050 49961
353705 19732
464272 304127
1449450 1446191
576967 576969
163807 463623
93924 2519
24758 24757
1345596 1029486
72948 72946
1389416 1389419
1389416 1389418
371775 96726
106870 163810
227322 142803
577004 576986
373053 373054
373053 373055
142425 136571
1155975 379764
24811 1467386
43456 543308
43456 543307
1346313 67122
36956 1079730
373138 23587
703041 410295
72442 96256
1345832 1345831
885447 885448
419370 419371
1250136 571248
1467890 124180
26114 372248
26114 372249
40397 617487
420671 165206
165091 12344
445468 830883
60960 1467497
236506 1289874
352187 851795
576994 576986
256185 715438
19574 445613
402990 1211994
273313 19732
96837 478557
526395 526393
526395 526394
526392 526395
526392 526394
526392 526393
91633 80112
70006 372509
1504300 173006
49795 75513
212576 360650
23163 267181
33022 32964
24795 24796
1258357 1258356
411954 411953
1447731 1448312
543294 543293
97315 71567
1259429 1153107
2535 372507
163593 164479
58952 1024928
58952 1024929
1494975 1125809
1076177 1071866
775287 163389
1078032 1078039
1078032 1078034
1078032 1078037
371861 145017
1259510 734644
157196 846116
44182 118217
20062 238598
14550 64729
301414 445588
250018 2488
774509 1350341
1504346 1504345
1504346 1504341
1504346 1504343
1504346 1504342
177199 410151
177199 410152
1092370 303979
142900 145701
168518 1115221
163539 106584
504947 338795
24709 24710
139294 66998
1345576 1345575
487463 1283958
487463 1283959
21537 69050
251291 1258339
918321 131231
543348 543334
75241 1029461
373417 1219856
618904 618905
134688 98188
569468 20066
143307 143308
1282126 110863
141506 141507
212015 171870
266832 1107379
16946 250044
616204 616205
775458 371373
77102 60611
140945 145515
288197 1024902
577006 577008
577006 577005
577006 577007
1244892 1103651
163355 465563
37097 1417141
76372 76371
1115510 1155975
413954 238598
74276 74275
74276 74274
212576 144514
39518 1506795
75300 71680
97209 97210
609383 196084
717340 38138
1025055 214560
576975 576969
576975 576968
576975 576967
1040745 1041005
1381133 106575
176355 1032777
1045940 25582
105932 402685
445718 1490287
82342 76184
1384560 1116502
470820 1124611
1384134 1114265
1384134 1114266
619060 159219
43103 179341
1282085 1282084
1066685 1066684
49260 934504
47243 65892
82490 82492
82490 82491
527074 463797
591940 430108
428815 13340
146622 1459995
591676 67220
981813 1504358
225512 19903
1154531 108487
121986 33104
189589 46924
30038 145561
61739 69961
71665 83169
715390 1284648
74049 74046
267044 65972
1107218 1107225
373265 18621
16270 4062
96574 420555
163440 463855
372335 42230
33426 618496
80088 80939
1345688 1345689
66139 64810
386833 33484
14365 8261
41405 38536
1504343 617915
73375 59230
148828 32948
165023 163809
4062 70129
769859 225512
215429 1060008
177284 141615
1072410 1075122
1070810 1076458
791791 147388
165303 164662
73987 81764
24769 24766
24769 24763
1446639 1447142
73085 61280
874580 43388
373126 373125
2489 48516
618178 402250
70074 28182
85061 85060
300729 4062
87937 87936
466088 466087
32964 208761
67937 60609
797741 797791
165097 165096
576973 576970
576973 576971
576973 576972
576973 576974
576973 576976
371669 144718
66328 72970
1447510 1447513
1522132 139788
24729 24730
106579 163888
372878 372876
42230 233877
874607 1107341
1411046 223009
1411264 69988
465875 465876
465875 465877
577033 577032
1097257 110362
526572 309040
328296 1164756
104173 160588
59175 158582
68676 463956
202801 1384105
1207677 1207610
140197 144718
141223 455819
851782 41737
75159 73388
427723 950269
1284341 100228
492312 1283047
163888 160668
1140619 1140617
70239 68221
1140618 1140617
372774 19903
189589 145765
74049 74047
1040181 1218662
88480 99811
60920 238291
372159 27987
1126597 1126596
625400 40746
1447802 1445755
27805 3708
851712 851711
477219 1258508
267369 12344
444305 885419
106643 141304
92003 92004
565371 565370
72904 95851
373230 372978
1165668 375449
1074931 1074932
1490766 526410
143113 875993
140774 139858
1114148 10775
88480 99611
142345 139044
134688 69252
1258337 592135
1494961 358855
1495784 1495785
81576 73375
1075118 1075122
1075118 1075123
1075118 1075120
1075118 1075121
576968 576976
69050 148905
371861 144715
5433 188815
963823 371813
80478 80477
317499 545396
1346010 1011691
82734 82735
27062 10068
212520 100407
17652 48221
562177 562139
1446917 1446974
1383552 1014498
1082005 1082006
1258697 586134
69993 69992
164154 552514
2186 1061661
68505 226609
325795 143190
248939 252692
46034 70340
576970 576975
576970 576976
576970 576971
576970 576972
79856 66445
374579 545396
1446796 1446799
1446796 1446798
1446796 1446795
1446796 1446797
371861 212576
32174 463855
72828 92453
596339 267147
70340 144718
167441 14766
1024998 13340
934504 59175
24785 145068
140072 140301
372145 158682
18574 44784
90388 80404
624300 1099
831048 1032777
1010513 1010512
267005 163389
211570 212015
1107217 1107221
543292 312883
543292 312884
513480 775458
513480 775459
513480 775457
11756 446786
281234 444877
419052 66501
38883 212152
226062 163809
177307 181083
54504 402895
73375 73725
211648 164415
105600 845994
625400 463855
271731 1320920
463623 4537
1289681 361938
577007 576986
123358 1283690
1039515 1218841
565380 565381
375218 163709
372291 171899
1410988 1410987
35188 94549
1489105 1495779
321487 18606
1072613 1072614
39781 1154068
93374 73258
66595 66591
39396 419836
1072458 426681
16593 372110
303826 67064
464696 565370
43342 123270
67228 1345571
140957 140958
140957 140959
140957 140956
159331 1115224
266202 2559
527123 527122
527123 527124
576975 576976
576975 576974
576975 576972
576975 576971
329091 1082119
238313 69988
577034 306481
885462 256328
372877 26311
180697 30728
163500 163235
301480 301478
65972 40553
423777 371959
14233 16270
164154 33112
934346 266037
543292 849766
153781 149155
251142 1491039
74573 163888
74573 163889
372665 465594
27407 66784
1350850 1350851
1070662 23064
347258 44784
1153107 1104037
32927 830883
1284341 575925
40534 885426
528589 33324
934346 362796
1504344 1504341
769818 31056
577022 577021
149472 59238
60482 67707
1224459 42069
410152 18603
791332 106645
311080 317533
94550 94549
67525 1459677
1060226 466356
885463 256328
69626 616670
1081024 73568
1257932 1257933
1039383 1218841
93924 1490667
304176 304178
1309023 164367
24758 24759
466099 466097
138969 2910
164195 227322
105600 150244
1410845 268490
478534 1365306
212264 1024929
212264 1024928
734644 1259509
372229 373125
373259 727355
1128432 885448
1128432 885447
100676 139541
164582 753329
1075118 1072410
74275 74274
304175 304178
304175 304176
304175 304177
1446974 1446439
252519 30790
93924 173006
934346 1025211
553235 553236
67737 1115091
85354 72860
144715 360650
477008 1321062
91853 75885
253598 851202
791746 402829
1332267 1332266
420582 1219943
420582 1219942
11930 106602
164157 1283633
164792 163428
36297 112080
85234 75513
204276 2304
140302 140015
1383379 1504358
1115091 67390
106638 14703
18591 727446
1039967 1041063
371575 1482845
371575 1482846
33392 463956
371895 42830
371010 38138
617430 159261
306481 577032
1075123 1072410
182433 463855
153813 68032
301477 301478
1114819 883393
7819 526894
1445726 1447503
1445726 1447502
155301 443845
413865 267371
1352583 1447284
163782 38778
26457 27039
395057 682292
83470 85211
8069 753760
717340 1081654
1258170 1258171
906051 1153783
106594 106595
139248 139249
353715 1160078
43545 1389418
43545 1389416
43545 1389417
45358 1153978
303314 303781
1423052 213846
418987 1029440
37828 68402
465938 465937
785441 785440
87573 142803
69096 104395
597471 234126
70340 371669
420671 42447
301479 301480
33008 165323
96251 73987
493866 493867
179349 250044
1059648 1059890
346921 1033275
6464 419721
2701 1467839
371837 371835
371837 371836
371837 371838
852001 852000
373022 373021
72116 72112
72116 72114
900822 488912
224382 1389602
1503937 141527
1187 874605
1218841 1508218
164625 149005
371302 371303
371302 371304
466487 338756
24773 106870
211400 32174
481697 142055
69211 28057
576970 576968
576970 576969
576970 576967
139353 52908
410151 104173
3712 69931
163591 120165
118059 213706
729858 1446796
729858 1446797
729858 1446799
1503970 851543
140539 61905
161256 163862
1258940 717509
33640 33624
33478 466113
1258508 1040087
5430 179344
371212 1475894
897880 215062
214555 402250
1075121 1075122
371020 372880
363971 380086
1345688 598783
157196 218181
250103 179349
1114817 1114818
1114817 1114819
1078245 1078246
1010515 1010516
73215 73216
66998 139292
775460 481661
88438 73375
372159 372161
487463 1283961
1107225 1107220
189925 889271
49260 59175
513480 775460
1212111 1212112
1447733 1449632
161294 463623
106582 103485
359961 163391
33691 7785
148927 301481
1381133 160668
7422 773899
2685 2686
67331 79687
373250 66591
373250 66595
616585 35091
114725 1219755
114725 1219754
114725 1219753
74573 163593
899529 899530
370769 831077
371492 334712
279486 1198557
233778 1345777
336773 1207533
73356 72114
73356 72116
73356 72117
73356 72112
493945 478516
930227 1283962
627677 1140717
163807 24745
1114266 1114265
352554 1345777
420671 347258
900823 900821
1071522 1071520
102396 178814
257717 1383112
2818 1257967
775459 775458
1211469 1108081
208341 1029658
553012 486076
949654 1345797
1211331 1212526
1075127 1075128
421723 565374
851674 163593
1060317 1060318
373126 372229
88722 72038
874615 303378
306615 419206
33154 33484
1039299 569569
273001 46717
252225 617093
477008 29642
1059776 1059777
49795 85235
49795 85234
49795 85236
791332 791331
140300 140302
39396 465821
39396 465822
140957 140962
140957 140961
140957 140960
161256 147467
8261 104173
163884 160668
1504342 212798
441205 372695
373163 163858
8261 160588
303659 33262
106630 106595
1447802 1350810
1114818 18302
86525 73028
338381 2323
75012 58595
952464 447184
513480 481661
1024779 1024778
1024757 1024755
244121 371896
373251 95136
775286 163389
24708 24709
907257 679307
176684 67843
213410 492743
419760 317533
373163 32804
1212965 335360
1039320 1041015
106339 267474
164154 227521
120165 267268
68172 333623
139044 142344
371794 371959
1488558 1039472
433807 1198557
1076177 1076178
1076177 1076179
37656 164557
252384 547439
44978 577033
1423001 35688
1350013 1350011
1350013 1350012
372249 70075
1039616 1259172
428815 1024998
1153889 1653
577022 42940
1116573 161210
227322 42447
146768 65446
373236 145515
1468041 1468042
212543 23546
577033 330659
38163 466067
1215303 1467325
211031 50278
1483106 46785
42940 577021
82197 78592
250018 177211
353715 353714
961595 1143995
66139 19903
99589 524245
1467890 1467891
1077284 154230
1508776 1508777
86583 72337
66271 66749
851227 851228
4537 24745
466488 338756
576962 576964
576962 576966
576962 576963
1346011 1011691
73375 73724
518396 1081936
23566 16270
1410988 1410986
140303 140016
586757 28302
26311 372876
26311 372878
1107222 1107217
372336 372340
26347 67639
434164 118260
1350011 1350012
65446 189839
411962 411963
24767 24763
71445 78249
371811 371813
1282201 266677
2323 1116782
1077284 1077285
299511 206908
164154 58493
1041013 1081936
2501 106652
753474 753472
27039 38778
449091 1025037
82103 70319
35769 22955
43553 17185
506127 33008
1370823 1273176
146903 371015
140015 140072
146622 146623
80111 91633
88019 98235
140469 140470
200762 145084
142698 123712
1366093 372729
446429 268490
565372 2323
140014 79967
95998 96000
46034 371668
46034 371669
596747 1296407
370769 110923
24764 24766
24764 24763
24764 24769
234353 106613
141003 145090
830969 831041
513480 371373
24768 24771
373076 8956
1126247 715401
93769 93768
67060 39396
353715 930228
1154970 1154969
1282194 1447530
303271 304127
1490585 1490586
1490585 1490584
82737 82734
82737 82735
82737 82736
1065960 569613
464875 24745
411939 411938
24708 24707
1508221 1509005
178776 189589
497390 1490825
464272 304019
1258047 1258337
143907 1116676
466429 67061
577005 576994
526654 527074
105600 1467839
105600 1467838
918207 66248
797741 281022
1103499 1041013
734469 8049
419762 15262
831077 67220
464022 36452
508053 20066
1350851 1350849
727373 596329
142425 141232
80175 80174
44978 306481
