1025026 34622
1240641 1240640
1218919 1383819
464501 464502
466070 466072
466070 466071
1110326 1227574
465229 35538
463998 463997
58316 361276
466451 466452
753509 874741
464356 463664
401984 1218732
372685 464273
372685 464275
372685 464274
372685 464276
464501 464503
628802 1283706
1290023 1218608
464501 465640
465633 465635
465839 1289623
465894 465534
465416 373383
1218993 111580
1220170 144810
33379 91946
874603 254610
23885 140703
465522 371703
465522 371701
465966 464731
1240510 1240509
465523 465522
466289 466288
466289 466287
806266 1289854
466315 464097
465202 465201
465587 465586
1282314 464779
400279 1211604
1383380 304141
419052 344226
1024812 1024813
718396 1282375
465586 143475
596375 370992
58316 28057
1111819 1059966
465458 465460
465458 465461
466167 1218864
464693 464934
402140 165146
143477 143476
143477 143479
1207483 100712
143038 143036
836527 1383826
402140 372548
464346 464345
152951 82073
466124 372695
464296 238763
465721 465336
464285 464284
464720 464719
1224417 465839
212294 5428
1430799 303444
750109 372949
140334 142044
120165 61788
1207514 573810
163330 402140
466056 466057
66737 1383618
874716 333510
1024893 1024895
1283886 1283887
67898 333758
165146 372548
1476080 1476079
1111906 1112071
1476053 304431
143477 143478
465460 465459
1289830 304141
1383266 1383871
1383215 1289638
1457498 1391360
596239 1116502
1282928 465924
1292628 1317617
23163 163980
830876 1283988
464116 464117
464116 464118
140923 140228
1024701 94355
465408 465409
658104 1108737
373414 163980
1218947 1218946
302235 1476157
302235 1476156
662635 1283354
464414 464415
1110320 1110326
66983 163709
1283979 1282636
1284286 1284284
75446 99798
1218700 526759
1476157 1476156
371703 371701
93924 164157
1283368 1283367
1283368 1283369
1228042 874589
466123 372695
1284033 1283056
301397 1107807
466125 372695
1110320 1227574
1114182 1114619
1218731 401984
465839 1289622
371423 371000
143475 303568
225521 1166150
1289623 1289622
141253 141252
141253 141251
1430833 458962
1383266 1383398
143478 143476
464880 464879
1107288 1282636
1218992 111580
464721 464719
874521 874522
1476040 1476039
464271 464269
1114745 1207666
1457499 1391360
466126 372695
1113812 90404
142897 142898
1113812 69279
465717 465718
465104 24801
12344 769894
1289751 410152
372103 1024773
1289834 372601
466403 303568
1382760 1382994
372262 1024388
1081024 1113812
1290014 1383925
1289760 333758
140054 140055
372441 1220221
294452 147467
1476158 302235
41089 464879
466054 466055
465795 463763
464020 464018
464020 464019
1430827 1430826
465633 465634
419195 1289934
371368 1032407
143427 141251
143427 141252
464375 464376
1382985 1382984
464271 464270
464276 464275
33392 304071
66999 874761
465635 465634
1031835 463819
465701 465700
465526 465527
466124 466125
141250 141253
141250 141252
141250 141251
102537 152951
464416 464413
464416 464415
464256 464255
1284200 1284201
464502 464503
157196 371005
213649 1094537
465966 465967
7433 1283714
1218520 1218519
1218731 1218732
372103 373143
1282053 1284602
1282053 1284601
1282368 1282526
227322 69050
3719 464001
66528 465766
464868 464869
466279 466278
304141 35940
1292448 1218580
1227899 1227842
464018 464019
1317617 1125883
465184 465183
157196 147467
465628 465627
372386 1111897
1457499 1457498
464722 464719
1383745 95136
32927 66983
464415 464413
464099 464098
465702 465703
465702 465701
1457498 846037
463764 463763
1289992 1218672
464721 464722
464972 464973
1024758 94355
1218883 1218735
851935 1207625
851935 1207624
66999 565383
465700 465703
464414 373414
313663 653841
140923 140924
464269 464270
464297 464298
1024728 1024729
143113 874552
373414 464415
465526 114012
1024614 1024613
464582 464583
464582 464584
465721 463777
465839 1163762
1283704 1283706
1457499 846037
464297 238763
464779 1282315
143113 144269
32927 163709
1282314 1282315
371005 147467
1282368 1282367
165006 139738
333617 1289638
465417 373383
1127688 1283886
1127688 1283887
466126 466125
466126 466123
114012 465527
141672 141673
410152 831055
874547 1289678
465474 465473
1382784 1383907
602318 1383078
163537 303568
465952 464618
658104 464620
463685 466345
372175 371462
463778 463777
1281925 23225
651749 1259162
1282311 1282312
1282311 1282313
1207624 1207625
1283679 1283678
466183 466184
372441 1220222
1111864 373450
464274 464276
464274 464275
465882 372481
1283369 1283367
140056 140055
140056 140054
28057 361276
463764 465795
36822 463960
148928 1282548
465402 465401
250035 100712
464414 464416
464414 464413
1024402 59045
1218883 1218607
1382920 748117
464594 464595
1283388 932616
1284602 1284601
1218528 1218837
464880 41089
464356 464357
874669 1382996
874522 100748
466288 466287
465940 465941
1430543 1430542
423947 163231
1384129 1289638
333617 1384055
465461 465460
463777 465336
1220697 1220695
1220697 1220696
1025114 94355
371730 371728
874549 114767
1292628 1292294
1292628 1125883
373414 23163
874521 100748
1283703 1283706
356832 465924
1219613 1228059
465702 465700
1282313 1282312
465895 465534
1283340 1283341
23163 464415
23163 464416
23163 464413
1111897 165747
465182 465183
465182 465184
464731 465967
465511 465510
667099 323478
717340 1284201
717340 1284200
874773 1218665
142659 465541
1112365 1112364
143037 143036
1284008 1284009
371000 1218769
372386 165747
143479 143478
143479 143476
59198 466076
48827 1024976
48827 1218635
1031494 717340
464880 1218732
1228310 780723
465587 303568
465438 465439
142926 464049
1220695 1220696
1383664 2224
1024894 1024895
1024894 1024893
117152 465881
163330 33008
85030 361276
1227814 1227813
464768 256714
1218731 464880
1108895 1108894
163537 466403
465400 465402
465400 465401
89439 465900
1284202 553285
464118 464117
1284668 932616
465458 465459
414096 463777
61788 465647
464414 23163
1081024 69279
464298 238763
465839 603919
61786 372637
465461 465459
465587 143475
465559 465558
1024387 1024388
1218635 1289823
464296 464298
464414 163980
466051 466052
1155979 170286
157196 294452
372759 463738
464357 463664
372103 1024774
1291989 211683
465894 465895
464880 401984
464584 464583
463778 414096
140228 140924
80310 1283345
372497 372495
163709 398450
465523 371701
465523 371703
1108816 624160
465416 465417
141252 141251
1032860 1032861
85030 1284435
465941 466183
465941 466184
874552 144269
5437 143875
141671 141672
465345 211627
1113812 1317617
372496 372495
372496 372497
1108816 1108971
1383596 1271058
1219679 1219680
1289851 1218672
143428 141251
143428 141252
465397 1218597
1289685 85030
1108737 1166139
464720 464721
628802 1283705
628802 1283704
628802 1283703
372597 372596
1107288 1283979
464273 464276
464273 464274
464273 464275
372262 1024387
373143 1024773
373143 1024774
196873 87936
1166064 36603
464500 464499
163980 464413
163980 464416
1108545 92347
1220221 1220222
1384055 1289638
1220524 1220525
46118 1283580
139259 466052
139259 466051
1476158 1476157
1476158 1476156
1107790 907106
361276 1284435
1113812 1125883
488906 1207444
141671 141673
658104 1166139
1476095 1476070
214372 569643
250035 488906
464867 464868
464867 464869
89439 371739
1284068 1284067
75159 253641
1240383 1240382
465543 465542
839121 760343
2556 16898
465701 465703
466124 466126
466124 466123
465586 303568
402140 33008
250035 1207483
464209 464210
465104 465105
373414 464416
373414 464413
1218740 1410957
1391360 846037
466125 466123
716772 441427
259215 463998
259215 463997
1108737 464620
1283705 1283706
1283705 1283704
1283705 1283703
466072 466071
1282036 1282035
143037 143038
1289777 1163582
1218783 1061659
1384457 85030
466248 466247
48827 1289823
1220613 1284106
143427 143428
464720 464722
1218993 1218992
1218824 1218635
142081 142082
1292083 1292052
1218607 1218735
1108988 1108932
465900 371739
1228240 1223418
102537 82073
465034 465035
140216 75446
1284285 1284286
1284285 1284284
1024773 1024774
464296 464297
146815 146814
1476104 1476105
1224417 603919
1112417 92347
24801 465105
28610 143475
466157 466156
1112417 1108545
163980 464415
1219749 830948
294452 371005
410569 1113795
1281906 38217
465620 465619
1283703 1283704
1383045 708386
1042480 1383649
371703 463910
