1284084 1284085
1281931 1282493
1282982 1282983
1283691 1283692
1457424 196026
371423 372190
3716 410152
1162454 1457228
1218468 1218469
1382773 1384125
1282491 1281931
1108287 1108126
1363750 21478
1218580 321229
1283540 1218640
1218493 1282493
1282491 1282492
1218485 1218484
1282492 1218493
1282491 1218493
1282490 1218493
1384553 534852
1081419 1289682
1218556 1218557
3720 372194
21478 1383604
1219019 868356
1457638 1292307
1162454 1457483
1281931 1218493
248273 1260117
371316 1219000
1282492 1282490
1282492 1282493
402837 1276783
1282491 1282493
1282491 1282490
1218574 1218575
1284145 1218640
1282490 1281931
1363750 1383604
1289924 749888
1108521 1108020
1282492 1281931
1219007 1219008
3720 1457331
1283990 1283991
3720 371227
1457228 1457483
1457331 371227
1108545 92347
3716 1218942
1289869 248273
1107810 1107809
1289870 248273
1457574 1457573
1218942 410152
1282490 1282493
1289869 1289870
