362673 167976
1495575 45615
106603 106611
106603 106612
164616 148942
17930 160128
164704 164102
33624 402480
68035 42613
179349 250053
234111 775458
82286 80589
1289815 1382642
27407 419596
1421357 1504028
304277 67287
163331 148975
149155 492589
465178 465179
885438 885439
1073452 1073451
1073452 1073455
303694 163792
1467572 38536
211051 74973
830874 19903
163626 161210
33414 176349
518001 1346000
164702 164706
164702 164705
164702 164704
420671 19903
1495629 1468269
837299 1126079
1220481 1220480
388644 653046
531955 141986
155301 371495
1099320 179341
148954 33003
1504150 386338
161256 219407
868440 869084
809647 67723
1460014 59424
317838 617150
735700 25582
163792 33313
410241 296480
73403 76517
164699 16952
1177631 48344
163330 164209
419302 419428
179318 768826
144956 144955
144956 144953
142079 32644
79340 1166173
778351 778350
58316 361276
163330 164102
150177 1450184
1504126 8015
1066844 1077382
1066844 1077381
59107 49190
38536 1467571
1212743 1037837
288197 165059
578997 1467672
410159 769765
473746 1350012
849770 614597
419847 419848
419847 419849
775460 775457
1066656 1066658
1066656 1066657
179366 179367
775458 775457
36242 5767
67620 181065
24773 4537
28302 271413
715433 715426
1077381 1077382
17511 481709
1126517 1126516
69623 2489
4423 161450
160668 42371
1346104 1345537
59261 213846
163263 163810
717340 447184
1070391 1070392
371415 410220
106611 165282
93139 80099
46377 934383
1385683 1345831
86910 58818
1258559 1292332
68221 1416568
1073452 1073453
33313 33384
145361 1343294
67122 1166108
1430729 1430730
1156031 127003
424020 215704
86434 1389356
1495723 1467579
934346 934470
16952 4537
142900 139168
324158 347723
1490915 1490917
210760 486985
148980 106593
820761 618417
445613 372548
420269 266261
68032 14122
32927 122235
617229 3251
82005 76766
1385684 463952
748403 747965
603525 1460022
141211 144121
141211 144120
141211 144122
353712 402836
526465 526783
406666 139321
950535 950534
526574 17846
139541 139153
164907 164908
164907 164909
1488607 1258300
363981 1351981
142760 144121
1027032 1467532
139321 995986
449496 32997
79780 96341
140145 140148
140145 140149
140145 140142
140145 140146
140145 140144
1002913 576316
120165 160128
164195 267029
1467607 40996
72112 72114
72112 72117
164703 16952
747153 253598
1116579 680798
199832 934310
17824 240164
1154443 463952
181067 68831
215684 867259
1446501 1445555
99368 78781
774623 371421
38352 372211
574652 747360
1067436 1067437
290516 418990
143190 143191
84008 84007
1504126 963978
69211 58316
590336 402140
849802 428263
656632 612939
1126424 657132
4402 203763
27767 624206
163339 163809
373322 419264
373322 419263
373322 419262
1351120 1036860
334956 60558
123467 344235
686582 171261
194713 1153878
1450184 1450529
1289662 2780
1078443 1078442
212060 934716
1446499 1445555
3450 1114868
550296 934413
145361 23394
24773 148941
309040 526970
66983 67620
1411376 1411375
163709 23899
17474 93303
934357 934383
1107249 106612
83955 83247
1114287 430125
748026 748027
16270 33624
25677 466450
868440 869085
89964 71970
74043 78934
74043 78935
1172867 355205
33577 33623
617229 131892
876962 876961
164470 164473
164470 164472
23248 33157
106611 24786
124986 414389
491462 465262
1135437 1135073
68038 4502
1422985 67843
212972 211868
371794 887869
1220547 1127154
1447732 1447733
14233 33624
148954 160668
69869 70208
76561 71370
263277 309120
175962 934216
153374 67587
72975 74850
250128 727216
1258395 1040457
230 844507
1447475 1447749
419263 419264
1073691 1036587
1257986 1257985
748403 747520
1457782 505964
1140159 1141973
164451 153525
1244255 1258566
66104 616323
1002884 178802
164704 24775
78496 98368
1467921 255057
542148 1495629
542148 1495628
314630 336541
1072512 1073966
164702 24775
304277 362846
651268 172931
1467326 1410939
337448 35314
1411047 1411048
617149 617150
217595 869177
217595 869175
2560 106589
140147 140144
1039515 1488586
1475693 12613
89133 89131
89133 89132
67064 4537
934222 934221
64131 401941
1112207 1218664
1230 18565
885448 24786
419302 419427
4402 42534
830969 43553
466167 492303
1153721 66999
748403 748404
876922 596428
32788 1526251
164792 67349
211242 128145
17930 163591
373138 70129
66983 102537
1154818 75404
32550 211322
846126 358503
43388 15084
215704 55111
472237 715409
1066748 1066747
1066748 1066746
122840 324193
1039515 413807
18565 153781
422195 314537
90218 90859
1449620 1449621
144120 144117
144120 144118
144120 144119
1382775 73028
3712 33104
478557 402448
1079423 1079424
814342 887869
70107 96948
172174 43553
767960 159993
141060 141058
114149 29088
71707 9430
423733 1417132
6673 32788
371913 402829
16952 24775
69558 178774
2757 1039322
379149 505964
494752 935043
1385684 373232
595427 70129
748404 747520
148970 16863
1078487 1078485
1078487 1078486
1345855 1015332
1154619 1154620
594302 1382996
303694 852185
163545 163544
163545 163543
1385685 1345831
303694 106603
963316 1338263
36224 887869
164898 16968
1155899 302235
1073293 1073292
281234 399836
1248628 69096
18574 162564
887892 543346
775457 371373
1219508 1219507
164703 146605
142900 142899
1099 254974
106579 891732
543349 543334
36868 37273
702847 1430645
518001 65978
1068096 1068099
1068096 1068098
1068096 1068097
211476 32773
679306 679307
768229 2580
465849 445234
1079144 1079146
1079144 1079142
11428 82142
130406 212504
1289901 278385
188815 423921
48827 59238
439931 165146
138973 138972
423733 188815
1207647 899596
234111 481661
868228 780235
420719 24989
272959 19903
24785 164209
954451 1384432
68643 1220547
23178 59067
735689 735691
465224 303793
164102 148975
1033266 313824
68221 518001
418969 174210
1068512 939866
1071522 1066925
935070 386338
223378 306419
624311 337143
526654 526101
32866 30982
567804 17129
148975 852185
70315 1107255
76220 75885
59106 212060
1075983 1075982
514045 748442
124174 410241
143107 143108
106603 163331
106603 163330
614597 206945
24785 852185
1350948 1350947
1350948 1350946
25621 702802
73878 1345581
1389576 1389577
95697 446558
1446501 1446500
106603 24786
46501 208961
478034 83681
885432 372036
213367 547988
29843 77157
23163 165215
677695 211738
552641 552642
596154 1146785
97059 71744
139665 144314
1092 465473
139665 70340
66467 67064
96837 4853
1378382 1345831
95073 601527
303465 304066
61739 735687
94381 71887
552346 465214
76753 83660
83956 83955
83956 83954
83956 83957
83956 83953
996100 1081772
210760 159350
73432 73431
1351504 1351503
934535 853486
100404 164771
1345588 1383413
526155 526156
1457537 1457538
934145 50278
371661 164539
514022 769911
5455 2489
1467569 1467570
1467569 1467572
83826 73827
596375 19903
6576 934693
164706 164705
1385684 1154443
139459 139460
413954 1099
358855 1125874
559260 233877
164102 106612
1447731 1449632
7935 22712
37359 24773
1411072 1218534
163856 163854
18586 179342
934657 934658
144116 141211
131748 446558
164223 106630
82118 82117
164102 852185
1459860 1343294
934948 934946
164701 148942
72623 86564
1428297 1446935
1428297 1446937
1428297 1446936
344408 145830
25871 6678
970586 140234
164102 164209
699566 445613
218224 309198
80088 80938
769805 347481
1411349 1411350
1205960 779830
681136 801209
41244 1155967
84502 84501
179315 250123
74973 20857
481664 481665
481664 481663
148941 16952
163854 163855
72622 86564
703041 58247
181067 67620
163809 16744
106584 735701
139665 144313
91942 77157
181065 102537
303694 165282
145985 145984
496805 35769
106707 106871
68221 67821
177300 410278
299955 1445555
871791 262067
371172 1489045
398553 428475
93924 10032
1383563 240164
1071654 1446511
359920 22939
164702 164699
658138 64536
934507 561783
543348 543347
445244 1126079
617229 33157
1411411 1411349
1219934 1219933
58595 1383149
419379 36452
145397 868545
1058517 1082143
159708 1447558
361474 69623
303694 106612
303694 106611
457186 18603
1081591 54362
254543 195251
33313 371846
72947 89044
4502 419129
4502 419128
1078891 1078892
142054 139858
1289816 41603
222372 371369
775459 481661
73375 72835
1450723 1447750
591870 591869
1071398 1071399
46501 618671
476995 93924
775442 547387
1467377 8537
48827 934995
266825 43553
69864 67349
67587 181065
1099 152951
355205 1490587
145557 565384
71819 75885
703140 703139
149165 65885
93872 262355
141507 115792
1430550 1430549
373123 237821
852185 371846
1450184 1450528
26049 1410939
1070268 1350356
25044 164859
1155899 1155900
1155899 1155901
14734 1467728
164703 164699
500507 372095
372975 934698
148928 165037
164706 164616
934223 934224
98103 98101
1218664 1112206
164806 164805
139046 59359
1075981 1075982
1075981 1075983
141190 141192
1385683 373232
1467888 854819
106611 24785
623714 181086
10068 1115037
356657 1411067
120165 61788
1154200 110456
164909 164908
1457435 238580
1284180 1157363
32536 402140
148970 33313
735708 735707
86923 526156
86923 526155
146844 160528
99643 99644
527706 458867
1218915 418947
234109 419023
234109 419024
526229 526071
526229 526070
868849 306419
36404 294174
212144 215406
1467728 233941
92395 92396
775458 481661
142053 142054
616103 496866
1259023 1259022
1332469 1332468
934133 214374
1467492 164933
300575 747616
106611 148975
16968 24783
371423 165165
775457 481661
323228 775442
323228 775441
68831 32373
1068351 1066685
277500 61788
38536 1467570
445545 1495479
375444 225489
14734 233941
1467572 1467570
1153766 42959
1431034 1431035
1064044 949734
23163 134034
210727 1114398
1039477 457186
212972 934400
211260 173642
1289901 197439
344235 347078
144953 144955
67105 93303
1033467 569468
79047 79046
814342 1467327
139343 142930
140234 225489
33313 163330
91053 87645
371794 1467328
371794 1467329
71464 15154
301118 849855
11756 934878
73403 89013
1411158 208961
188815 181061
131796 558907
1459860 145361
735698 399258
23248 617229
92395 74149
87110 75531
465214 552646
65999 22106
1385685 373232
1467327 1410939
680798 1116442
775287 775289
775287 775286
1218760 699566
595427 64131
8481 3152
1135519 1135520
76184 76182
887879 81765
466167 466168
204276 400875
1066843 1066844
1066843 1066845
1389699 1389700
18047 211868
26789 164815
23248 179306
3449 3450
68831 254974
146200 9614
477058 6388
1066704 1066705
1385684 1080676
591747 1490501
74573 160668
32582 347723
887877 887875
2559 106589
74131 46647
72112 73355
1383791 1289638
683720 934574
33687 148954
1351360 1351485
934874 371913
76468 73050
303694 164102
1140172 1140173
775329 775283
869004 869006
307443 369238
774297 774199
144122 142760
74611 90104
1350713 1351879
1351488 1351489
35874 6678
72622 77487
463623 1346207
89006 1154780
38360 225512
148927 165037
76954 96655
775459 234111
3450 198562
1350013 473746
106603 1107249
140216 217595
628793 140018
210760 372345
748199 748198
79984 304141
139167 139168
1411027 1004254
1039297 658138
139321 144313
163211 27879
148951 164815
11756 195623
99215 72828
139541 139155
1031426 428263
1155818 1155816
934657 254543
106750 106707
547771 306124
775289 163389
1447995 159708
165250 42371
679295 1467524
775458 775460
106611 106612
683720 934575
1219858 1219859
89013 79174
505700 505699
934597 173642
490048 528863
42799 67383
531955 139285
303745 303746
37359 148941
2222 1289923
2222 1289922
211972 59051
67535 100778
1064190 1064189
891738 616306
526971 309040
680798 12115
616647 530908
23231 71970
140148 140142
868217 513956
504746 58978
552346 552345
527723 527722
427884 1460097
69096 164528
309106 735713
1071654 250087
1351149 1351147
83247 83957
141167 140563
18601 4062
164703 164702
133828 1116724
868853 1081772
934569 37593
165057 934909
148941 164699
1257985 284398
1074859 1074860
304387 304386
724130 589872
1002895 369356
3712 267154
406666 379801
1382642 1383458
25177 303793
1504028 1154133
165282 164209
1447749 1447750
141211 144118
141211 144119
141211 144117
32788 179364
267117 250087
267391 17129
183121 1124611
891738 616305
163880 44133
845983 148983
1416653 1416654
1410988 1411481
371536 934677
1064190 1064090
1116556 344235
142760 144119
142760 144117
33104 179344
164102 24786
164102 24785
558943 133828
48808 132011
165206 715404
140146 140149
140146 140148
140146 140142
164907 481683
1061322 1490239
809646 1382996
1154083 379764
1116678 106871
361474 2489
491462 314522
15469 547988
32964 32835
1488707 1040457
355328 23289
20062 67587
413954 254974
164223 106595
1211834 1211833
76372 75059
9117 13537
1378380 1378382
658138 1218662
1206144 1290022
464022 110924
365429 526039
419546 419544
876817 372949
70001 21531
1078452 1078453
144313 70340
140144 140142
383875 1495479
85232 72946
293133 426677
1218699 67482
887879 887877
1125894 1125893
76468 81500
76468 81501
238763 346803
1351503 1351502
68704 23081
1289914 43531
1447475 1449438
1447475 1449439
164703 4537
372714 253995
87789 76324
872 934269
73375 84240
142053 139858
163808 163809
110350 1115433
371794 402844
370942 255057
727412 314546
144118 142760
1351149 1351148
1079405 1079406
182994 32779
164699 24775
148941 4537
1345641 43399
146137 144980
123467 869448
1382642 99798
1139196 1141714
1073691 1073692
1495130 1495131
208472 178809
625400 164677
301190 950536
212543 215406
130406 211242
298764 164867
735698 613002
466449 304277
164209 24786
18601 124190
1138759 1430724
163761 163759
44784 162564
735716 656643
492304 553416
347128 70160
76562 73028
30681 373136
38113 618417
1351625 1351626
552346 552646
372208 148956
1345540 140905
113199 314522
66900 131355
1416653 1323346
32015 34866
1281193 1504140
234111 775457
353712 821803
1218924 592170
767960 187712
72254 74850
181069 153374
934114 202820
868488 4502
9430 71665
75241 1490501
306729 44784
284395 1039297
76727 76726
1218760 40311
885431 885432
2328 109382
21252 509511
17972 106598
808267 1040862
164792 45333
71370 73028
1073452 1073454
254543 934658
1212765 1212764
163505 164805
163505 164807
2560 2559
5460 1126205
624160 624161
749752 371199
371794 1410939
464455 624376
2511 27835
849855 313824
29088 3450
33687 120165
465225 303793
1467326 402844
314565 314566
1346199 545684
140197 141104
71945 1345712
1351488 1351490
887878 81765
147388 70509
92097 78920
163955 148642
379149 222022
89006 1154778
505992 158305
88922 88921
33640 370950
1381129 1381130
1385685 463952
73240 48590
410151 410152
267156 258924
477008 646327
71819 3814
1490576 18041
97780 17341
211221 32550
1154778 1154780
406666 463696
1116811 344271
1345598 147414
313605 61787
618480 543334
1077381 86718
181065 33384
110898 1212360
66983 18574
140997 140905
1069390 1079406
1069390 1079405
209133 68831
89516 78592
373051 768208
59230 89799
1259231 1259232
1002896 582281
81500 81501
67804 67284
379801 463696
464126 105047
104684 164792
42534 466116
372375 1323696
27062 1115037
1154779 1154315
164702 16952
1382850 77835
78925 170670
1292152 1292151
24498 336937
1108793 282104
361474 177261
445289 1495479
1259559 1488586
212306 247
23248 282087
80070 85552
300729 23566
25621 28302
163762 163759
140014 145984
140014 145985
51787 28723
1289815 1383458
77171 77170
553446 553447
86434 1031606
543349 543347
543349 543348
172931 88912
267391 67587
543319 1332485
120165 33386
65823 66926
23161 27422
163880 44131
106707 106714
147434 68032
138962 94845
1142074 1142075
79246 79247
526476 526963
69864 148956
934541 147434
1030120 1030121
234111 372695
1431034 1430522
1447731 1447732
1447731 1447733
165282 24786
165282 24785
73537 77476
869005 869004
869005 869006
463832 466450
69026 769932
543314 66104
1385387 1306974
1446940 1448114
1446940 1448115
67064 1346052
267154 33104
1066706 1066705
73356 73355
73356 73357
1416654 1323346
3251 31094
1350639 1350640
1076559 1076561
1076559 1076560
934317 165059
163811 24712
1066747 1066749
1066747 1066746
66665 313654
1067438 1067437
1289136 147334
346214 210818
164616 16952
464012 212015
1154779 89006
144762 144763
160381 211648
1066843 86718
139448 139449
164471 164472
1446500 1446498
410380 1166080
174944 1494210
106871 106714
373232 1345831
1457493 1457494
1024378 1024379
1284039 491591
596375 139142
809646 788570
76561 76562
145361 179302
379149 446337
464984 1081670
464984 1081671
215427 16683
1351371 1351372
67301 69369
148970 106611
148970 106612
1332436 1332435
66 371379
145245 66845
104395 143907
401863 417286
280957 60609
106611 371846
24724 1308985
72328 77384
445244 371819
160357 181086
44369 39979
76954 16946
1073455 1073451
1073455 1073454
474286 32997
567885 1410835
32788 32785
371379 161211
1416536 1346466
481690 552925
371423 68831
1226725 433808
868544 145153
148970 148975
163331 33313
64457 46880
1351945 383646
1351945 383645
164701 4537
148954 160128
106603 165282
402844 1410939
1345740 1345739
576489 592387
543348 618480
24786 148975
1411619 446356
77822 77823
77822 77825
77822 77824
1289990 67122
164616 4537
148970 106603
163762 163761
163762 163760
21201 20685
74973 163805
371415 345019
1139080 800860
402231 14766
90477 75922
1467326 36224
427884 371149
887876 106608
140150 140142
189908 66496
775441 547387
163331 371846
92006 215183
32646 32644
106589 130468
144122 144117
144122 144118
144122 144119
165282 148975
42799 30756
362673 1154546
371415 35538
885441 885440
934413 446558
624168 624167
59205 91079
887879 106608
179302 179321
211648 64428
1467777 38113
1446508 1449620
371712 769907
4534 692651
72114 72117
28723 233948
1153781 1211951
1075367 1075366
1448094 1448093
383645 383646
1289816 874597
317499 177208
18565 18564
86165 86166
846012 158933
1114083 1503920
140149 140142
140149 140148
950542 950541
107338 137653
66999 86555
150177 1450186
32785 179364
71289 76517
845983 164096
526040 365429
279735 627973
36822 269406
139321 379801
46251 106595
46251 106594
164616 164705
148970 1107249
317533 124162
164700 146605
124174 296480
935067 935068
59359 370682
141190 144763
141190 144762
161450 851775
11603 164528
410277 410278
618480 543347
106637 14703
75438 75439
161210 303869
617800 1430755
410220 179341
113180 1212192
1457782 321315
370965 1115
69096 1504349
1165639 420406
363875 565383
958351 1211004
1114776 1382642
449059 371813
1383111 1384244
1421357 1154133
98188 24745
371220 934269
144319 144318
76765 76764
1141053 1141052
68221 1346000
106611 163330
33313 106612
33313 106611
164223 105516
370942 1467921
68831 152951
213166 59238
782478 1289923
782478 1289922
1459523 68304
81762 81764
77487 77488
1346103 1345537
1411540 1411541
139321 144314
525948 816
303820 303821
1078394 1078395
934451 212504
20842 344785
164706 148942
1116752 996044
1141700 1141699
419023 48430
1139720 1139721
445245 837299
114767 22930
371172 820
49260 68486
86164 86166
1073451 1073454
1073451 1073453
72623 89879
1448308 1445841
33275 11330
163880 131753
95770 72328
934535 171600
143347 143348
1292057 1292511
465200 831000
887881 887880
81500 73050
658138 1218663
1154546 167976
252222 252221
419546 419545
76727 73381
747520 747965
163494 164748
114149 3450
145655 38972
78876 72975
569468 25582
1079146 1079142
254447 253599
72116 73355
44482 1218924
44482 1218925
83954 83247
513940 45703
142213 1345963
1382985 1384077
1071398 54739
165282 163330
164706 24775
1482781 36463
69211 133035
1467778 1467777
1467778 1467776
69626 33623
163292 11330
1155873 285126
1126517 1126518
144052 478291
1450529 1450528
164102 164616
1281893 25677
303379 65905
106579 106598
1449440 1447750
67039 1504349
1154443 1080676
80908 90260
1031426 621913
163626 303869
67587 1595
75414 73881
83012 78203
81686 68360
72264 72265
1467329 402844
182994 143399
1350946 1350947
293133 33317
1081671 1081670
934810 172218
466167 1284039
66 1522225
74287 70106
1449439 1449438
309106 309064
300927 44784
1155901 1155900
445334 301190
1447751 1447750
463751 15122
1002903 212604
163330 24786
163330 24785
144116 144119
144116 144118
144116 144117
144121 144119
9137 153525
396171 934574
600140 1383090
1490607 1088020
729877 161571
874780 181086
1450184 1450186
172218 10351
1079144 1079145
1079144 1079143
175962 934217
138973 138971
298764 164866
81672 84328
1258454 1258453
139285 141986
273055 371259
139321 463696
24712 163355
164209 106612
617296 729877
1116552 874597
146913 876176
528863 1072308
165250 160668
70107 70106
33687 163591
29915 703203
25621 16601
371839 1257976
617457 179326
1257986 284398
617157 617158
77487 86564
29088 198562
214452 171870
106611 1107249
1066683 1068351
96837 402448
1448114 1448115
399 368596
116340 1218922
234111 371373
419428 419427
164209 852185
157473 10176
935124 934190
1446500 1446499
66983 162564
215684 934910
1345539 1345541
1345539 1345540
1257069 140905
32927 727216
144122 144121
100680 527738
1467671 578997
542149 1495628
542149 1495629
139155 139153
2511 48516
774297 774298
164704 164699
94845 138963
1467579 321744
1126518 1126516
282087 33157
18581 33347
1033266 849855
143910 146260
143910 146261
181079 181067
1073861 1073860
1351747 1351759
164452 153525
1459534 1459533
163331 1107249
75976 75975
75976 75974
1350356 1350686
163477 165215
372095 1309137
99247 99248
67587 17129
164699 148942
106750 106871
1448679 1351519
869176 217595
775442 775441
552750 552749
446544 446402
413954 152951
25561 1257948
912511 433808
1115027 842540
191761 306499
16270 14586
47384 46435
594242 1082224
146260 142037
553260 553259
195312 1154441
1039297 273065
934939 934938
159143 11330
99216 99215
58316 133035
163330 1107249
32896 32866
2510 122003
714748 8959
106638 106637
164898 24783
58814 141420
140216 22008
1112202 1521584
1135436 1135435
1135436 1135437
72835 59230
1495629 1495628
1129253 111580
547589 81387
445850 1218915
189055 69558
142699 140702
1282446 23311
1155097 1155642
139142 19903
934280 934279
78883 77157
33347 18586
466167 491591
78641 72283
1070099 1066948
1389700 1283862
143399 359356
20296 164769
1449440 1449439
506044 301137
1346446 1346445
774420 774421
543334 543347
92552 92551
142929 142928
78856 1073292
1073692 1073690
164700 164699
154110 1351842
1504150 826869
66496 123749
145705 145706
217595 22008
934575 396171
753147 753148
148970 163792
463858 419031
114149 3449
935068 935064
1258437 1258438
54807 569643
1070268 1350686
106575 106591
152951 254974
797879 18389
748485 748484
398366 43839
1116678 106707
250103 250044
419463 419462
1411158 447919
585664 35688
368296 526161
1114776 99798
141058 139858
163477 774305
33640 1100
615357 14277
164102 164705
164102 164706
24772 164748
1135437 1135435
47338 139320
141192 142167
83842 71970
144314 70340
4062 124190
419730 24745
300927 679307
717340 374602
1449440 1447749
395033 527740
131892 31094
20062 267391
934413 131748
527166 526188
38113 1467776
1155817 1154475
413807 1488586
419730 98188
301118 313824
23248 131892
1079143 1079145
69722 137653
145830 472232
309125 150277
961597 1040457
145361 179321
90778 1110415
1504126 45021
167976 143334
860433 458869
85551 80070
95697 131748
70315 559137
1067436 1069545
814342 1410939
140143 140149
769766 769765
139321 139665
1490167 1490165
183121 1459612
923471 1383989
104684 67349
104604 163888
219926 462064
398439 321487
163792 165282
528076 33313
66679 148942
1079143 1079142
1079143 1079146
191973 934693
17930 120165
146605 164616
63635 106617
163248 749129
82752 82751
25561 420719
961673 876586
1114745 1114744
159331 1154137
775459 775457
1112207 431778
45333 481698
141579 141578
33392 513480
182994 33313
1447557 1417476
303574 254420
75404 75403
368296 526160
37492 753202
727419 33008
465180 465178
465180 465179
148941 148942
526217 526218
163761 163760
1219988 1219989
1139081 800860
80361 77458
1188271 159708
96948 70106
18591 273581
1467326 1467327
1467326 1467329
624204 158807
1211407 436845
280948 33640
164474 164470
164474 164473
466168 1284039
17403 144313
17403 144314
1448101 1448102
70121 400338
868262 371373
735898 398252
181069 67587
78138 46998
1219500 1219503
1219500 1219502
1219500 1219501
958351 371793
1200861 1040862
868811 868812
1078946 1078947
143910 142037
49109 907101
1345539 140905
1382985 787393
1446937 1446935
85043 1346446
85043 1346445
465911 282540
934400 211868
1153530 194789
885438 885440
885438 885441
140905 1345541
402618 32165
692651 356022
79751 78333
75529 27220
164102 4537
466449 362846
71289 77175
66983 181065
44133 131753
1417118 161450
106750 106714
41299 419462
148975 371846
1467777 1467776
165282 371846
1070155 1070154
1460097 371149
934470 266037
164102 1107249
459775 110898
1446935 1446936
885449 885450
1410981 1410982
196873 1154072
20062 17129
42484 59107
72622 72623
868543 868544
1218477 1108745
3449 198562
769895 769894
282540 463956
616018 577073
16946 420574
1066844 86718
69909 40311
75885 79533
215406 59107
723987 1309088
1033467 25582
371415 179341
384602 372002
419544 419545
163544 163543
1077671 1077670
441233 279246
1467328 814342
344408 148954
371841 371272
1312063 140856
402844 26049
1066748 1066749
1385684 1385683
766325 1107142
164700 16952
3709 3708
144954 144953
735690 735691
163792 163331
163792 163330
704415 310817
935066 935068
934216 934217
1115015 831382
140234 1082224
164984 1258950
164984 1258951
618425 545396
1351370 1351372
1351370 1351371
934279 702802
1346163 809934
1045870 1115564
492303 466168
774210 774298
140234 594242
837148 22930
1346052 4537
887899 543346
106612 24786
164701 164706
164701 164704
164701 164705
164701 164702
164701 164700
7785 1282645
198368 36008
1447628 1449621
1115253 28817
28817 1061483
164372 4537
1125873 1125874
9137 106605
656630 844695
25177 465224
935048 61383
526040 526039
164701 164102
445245 371819
59240 505700
868217 868216
160255 162564
67937 369356
33112 481675
1116678 106714
94210 94209
748404 747965
100404 33484
1033266 428263
165059 165057
165059 165058
251152 1072639
251152 1072638
18581 18586
829958 1468930
148970 24786
148970 24785
69026 423750
1188271 1447557
164706 4537
32896 30982
816 526379
1126079 371819
1288930 48802
164154 481678
1045870 1113732
213367 15469
1289914 1082186
995986 463696
16952 164705
1079407 1069390
550296 446558
146605 148941
146605 148942
29843 79533
148970 1029241
358383 19903
147392 2580
624163 439842
33379 33381
934141 69654
114149 1114868
106603 33313
1384394 1289803
163292 103234
106603 371846
91053 76468
869264 36224
163505 164806
163477 164699
72254 72975
1116812 163626
1116812 163627
1283286 145765
39941 36242
85551 84848
624126 402325
427884 223101
934657 195251
3716 402694
934568 212509
14007 1291989
218810 775283
95770 77384
846011 158933
714817 1489045
73357 72114
73357 72117
73357 72116
73357 72112
146075 39971
214560 171261
67821 1416568
86924 142693
71707 71665
104684 45333
146605 164705
146605 164704
146605 164706
401941 70129
18070 774470
702802 271413
63635 67349
144116 142760
419128 419129
1219502 1219503
465214 552345
463753 253641
1107249 371846
194043 1153914
68643 1127154
1220547 769893
775459 775460
1345654 1345652
29715 934114
82285 80589
77172 77171
77172 77170
1384394 1382784
1447749 1449438
1447749 1449439
59106 934716
13263 1164918
30681 402258
72860 85689
77381 83248
77381 83247
93924 1248628
49783 402366
141167 141060
29088 1114868
474286 449496
105487 723493
591747 1029461
1383701 1383702
727369 1002897
164807 164805
58872 128145
106630 105516
527708 527709
164700 148941
164700 148942
1154443 1385683
614597 458979
93924 1205276
1384567 1384566
371794 837089
95036 72162
18569 123161
253598 950541
1125001 1467557
406537 1383735
472100 842540
164471 164470
1031426 849802
1273758 1097313
238048 1064044
24786 852185
5921 749797
7935 517867
113279 1081670
83544 76765
83544 76764
83954 83957
83954 83953
95159 95160
179315 154169
769798 165146
542148 1468269
48808 1526251
1345694 465655
72038 1113812
144120 142760
624248 439842
885430 885429
164701 146605
601444 748403
601444 748404
446337 321315
69623 2511
27805 1417140
14233 33377
153374 17129
887878 106608
465225 25177
1291986 1292638
151083 176355
355205 162491
1207710 754531
1447557 1447558
375449 425795
934570 32550
73724 73725
1068512 1068511
23248 31094
80289 80288
72609 167976
249107 885468
1211004 371793
179301 727258
164702 148941
95159 95161
869176 869175
869176 869177
934346 934347
131796 67523
250083 488907
1385685 1378382
375371 176753
402899 1108729
82115 82118
67287 362846
714817 820
627677 1446366
1345855 1383503
465911 463956
4402 935003
148942 164705
75531 81029
402844 1467327
82857 29313
1259498 257717
714817 371172
1114892 1115073
93912 17474
735690 735689
146605 16952
177261 2511
1030735 371828
1153915 1153914
1383769 309198
164474 164471
164474 164472
269415 422195
1290005 1273758
1079162 1067437
33392 371681
209133 303793
378209 763738
221260 260371
197439 278385
1070613 1078946
1070613 1078947
164701 164616
14203 386140
37656 148963
1447558 1417476
1172867 1490587
774579 4169
1467329 1467327
1188271 1417476
163198 163199
419023 419024
618791 543339
934810 10351
134378 1088048
95161 95160
164616 164699
715425 133828
367229 1346096
71369 79241
1155341 1155342
1155341 1155340
227538 28271
20592 344785
550237 1259399
105570 144327
66374 5436
67301 279735
1385683 1378382
146605 4537
39581 9614
27406 680613
398471 1457218
934317 288197
423752 512896
87110 78935
87110 78934
299955 1446501
299955 1446500
1155047 140924
234111 775460
1099320 68440
32964 5430
17403 139665
941629 106598
2489 27835
816 526364
32948 69380
9137 6151
1346000 65978
186626 212196
106603 163792
1154779 1154778
74851 71665
71680 75877
143909 146260
143909 146261
20592 20842
679306 44784
466168 491591
143399 266892
371959 324158
75012 1383885
81761 81762
81761 81764
81761 81765
145557 145559
775287 267005
106603 24785
68334 139858
39581 146200
106575 163986
753254 6151
321488 398439
365429 526041
934898 3708
509548 334892
148941 164102
1002916 303865
78515 80830
141579 7838
1446937 1446936
463797 526101
164700 164702
141578 7838
1258325 273065
1155454 387416
66731 545684
19903 64810
1490587 1490214
1447475 1449440
604428 1459695
144116 144120
144116 144121
144116 144122
617229 282087
1066706 1066704
1411607 1411375
774624 774623
170680 1490167
170680 1490165
355328 355327
1448102 1448103
68906 1346457
373392 463855
481678 227521
5455 48516
820 1489045
303694 148975
303694 148970
1475748 161409
58316 227778
1417131 1417132
44564 213105
1259559 413807
317533 15262
1494995 1494994
934575 934574
25621 934280
1346085 594242
1029461 1490501
163755 148942
372779 102059
1383458 99798
25871 35874
24751 565359
1389699 1283862
398252 33263
434164 1115454
139167 142899
1346266 1346265
211260 934597
148941 24775
147414 181065
1069545 1067437
1070546 1070545
1070546 1070547
1116556 347078
22867 1410807
594302 1226725
78138 78137
175962 396152
155476 1289934
33313 1107249
1107255 559137
1126517 420453
106611 852185
1065960 1382681
1416360 1416358
36224 814342
1467351 444966
123907 314522
24773 164616
83248 83953
83248 83957
83248 83955
83248 83954
84240 59230
624140 907092
163389 775288
787393 1384077
33381 21301
462064 1447558
624289 280949
775286 775288
83956 83248
83956 83247
33157 31094
322198 1072308
1467579 1495721
143909 142037
1345653 1345654
1384013 90218
541305 37005
528863 322198
78163 1108753
445245 445244
1036587 1073690
371794 26049
59141 934451
1351747 1351760
139141 145256
48827 213166
164452 164451
371068 774624
371068 774623
26345 868667
1064090 1064189
130406 934451
851374 66679
934187 934188
702497 543339
141527 1155011
86910 86911
462670 874597
1218925 1218924
32788 132011
164699 4537
212509 32550
4062 67843
1448802 1448801
874605 142803
89284 93262
1258951 1258950
83953 83247
868543 145397
78781 72917
78781 72916
78781 72918
227377 1383721
299955 1446498
1445555 1446498
465262 314522
397079 419143
463664 492589
163759 163760
768229 147392
140924 388320
509548 1383756
465225 465224
148970 164102
355201 27518
702946 702841
76455 98100
76455 98101
76455 98102
76455 98103
1411540 1411542
513480 234111
79813 71665
150177 1450528
150177 1450529
1459681 571302
1467569 1467571
1124611 1459612
869264 26748
406666 995986
61433 75439
28271 1107286
353712 353711
868543 145153
465615 458234
11330 727258
419379 144781
950534 465232
445545 383875
164102 24775
1457520 13936
885439 885440
78200 91206
211051 163805
76468 87645
233554 68004
144330 371078
1290003 71449
33313 181065
165057 165058
344408 120165
617149 317838
651268 88912
24772 163494
3251 131892
83843 72032
47705 36224
164704 148942
75885 3814
1457782 446337
164700 24775
165214 413865
94354 94355
1495130 1495129
643454 885468
59016 37592
1385941 567560
624134 3719
410314 492589
66679 163755
82285 82286
373232 1378382
179301 11330
934874 402829
140143 140142
140143 140144
140143 140145
140143 140146
140143 140148
1155901 302235
347391 775435
16952 148942
24773 147491
106603 148975
699566 69909
9430 74060
1155097 1155096
492303 1284039
66 161211
699566 372548
68287 267369
1258146 430081
67039 69096
314956 32997
5455 2511
526971 526970
1073692 1036587
87110 74043
11930 106604
146605 164102
1112207 1112206
1073862 1073861
1073862 1073860
774587 465060
1521848 1521847
1107249 148975
526654 463797
735898 33263
233877 179344
27767 439842
1526251 132011
73375 89799
1141972 1139363
144313 144314
445245 1126079
934569 934570
6852 178803
527736 527737
500518 557087
830041 72874
40229 527738
543349 618480
170816 171917
37359 4537
5460 36452
1153953 388937
12556 1490576
1218664 431778
110898 434478
526044 365429
208150 5763
1495723 1495722
505964 446337
656934 869006
656934 869004
81765 81764
81765 81762
4537 164705
87033 1383532
1467326 814342
89132 89131
775460 371373
10351 170816
829958 1468929
33313 148975
935070 826869
1114776 1383458
129891 164664
1071394 1069545
304205 304206
769798 595409
1096353 33216
71819 76220
1467579 1495722
444305 27422
189055 178774
615234 94502
303694 163330
303694 163331
1188271 462064
1459560 313864
16596 423765
420453 1126516
625385 66926
148951 26789
1383720 1383721
419687 419688
419687 419689
92840 85689
950545 252447
552939 64536
851795 35409
1382784 1289803
164865 298764
321488 321487
6673 71567
282087 31094
703055 123367
299955 1446499
300729 1108789
301310 543286
371068 371421
373413 164557
460111 586710
1495723 1495721
139665 142903
89006 1154315
934810 170816
130406 58872
624290 280949
368296 93218
1385684 1378382
66999 320319
163389 1107249
550296 131748
159331 1248413
1078395 1078393
208341 190405
1289990 1166108
1077382 86718
272959 250087
32866 31049
4534 356022
260371 961537
868216 513956
1448098 465180
26049 1467327
165023 122362
179301 48805
141190 146882
515892 1079146
515892 1079145
515892 1079142
515892 1079143
934278 27220
22008 869175
22008 869177
1385683 463952
1289932 337143
26742 160528
161355 24759
371220 872
273295 19903
1445841 1448309
594302 912511
1141176 1142075
1141176 1142074
139320 13641
80111 80112
209133 181067
679310 1389315
1166082 1166120
35402 163494
106612 371846
140081 139858
774210 774199
735695 735694
410703 465862
137 131748
76183 76182
76183 76184
527717 527718
1417131 423921
106572 851617
89655 75513
131892 282087
747500 63635
218809 65885
1029241 163330
24785 371846
18574 4062
500507 1309137
98102 98101
98102 98100
98102 98103
303521 69369
187152 1350286
187152 1350285
73357 73355
51787 233948
445102 868635
526050 526051
584074 1029461
37359 20314
139046 370682
1430729 1430728
140216 869175
140216 869176
140216 869177
526040 526044
2511 2489
74573 1116436
419818 28455
446786 934878
1154779 1154780
410218 146521
470820 183121
89736 89735
177319 5998
106608 887875
106608 887877
225489 179349
164209 148975
66828 66827
179315 402325
16270 6388
267005 775288
267005 775289
267005 775286
1289922 1289923
25677 463832
402844 887869
18574 16270
445244 837299
1289681 373661
87646 90477
1289815 99798
465429 2323
139321 70340
1078893 1078891
1078893 1078892
212972 18047
36452 1126205
1258226 1258454
379801 995986
1447836 1035614
33379 591812
463616 163809
148941 164704
148941 164705
33015 419786
1383853 1382786
203763 935003
1309003 1309004
934568 32550
106612 148975
117851 163810
935066 935064
869176 22008
569613 1382681
363439 887872
141506 115792
1450166 1081479
61788 334806
164706 164699
934569 211322
950535 465232
1350324 1350323
77175 92812
1080676 1345831
543314 616323
163330 106612
172218 170816
496805 22955
1072638 1072639
140465 52908
139156 139153
139156 139155
577073 617458
874773 13893
504746 20954
177249 491269
104604 160668
867470 1039336
143399 371015
104684 165006
211242 58872
164704 4537
8015 45021
1447351 678543
837148 114767
165059 150905
464012 171870
218810 775329
1066844 1066845
77381 83954
77381 83956
77381 83957
77381 83953
1244255 1258108
1039297 64536
175962 214560
1258337 1258300
181067 32373
143399 218224
352187 35409
934569 934568
221236 441125
423921 1417132
868545 145153
138962 138963
584074 1490501
1140029 1140030
142553 100621
934505 49260
344408 33484
1410939 887869
1076560 1076561
798229 1218867
146071 254200
94951 94952
66731 1346199
934658 195251
74043 75531
44131 131753
727317 313605
747153 950542
68219 97835
44784 679307
18601 18574
155840 963978
617296 161571
313824 428263
874649 273295
226609 727372
66737 66739
595427 401941
301414 148983
148970 164209
303694 371846
177300 410104
462064 1417476
182994 266892
33313 852185
50278 1490274
526125 365429
182994 309198
74973 371379
1351759 1351760
754606 1114546
164703 164102
292880 69748
68445 65446
874597 41603
13119 50278
1155818 1154475
868849 223378
1488562 1040745
106612 852185
702816 512900
269415 314537
72116 72117
868544 868545
868370 234111
1128113 253641
164703 164700
164703 164701
164703 164704
164703 164705
164703 164706
1030735 37383
36224 1410939
1289815 1114776
1154778 1154315
1155096 1155642
1467327 887869
75529 934278
167702 1482693
21588 285519
846126 1125880
1446499 1446498
87646 75922
1490916 1490915
1490916 1490917
301118 1033266
444877 399836
753823 253308
18574 67843
72828 88244
481674 481675
33015 1139722
24796 42830
18574 124190
526118 526710
355327 23289
163477 23163
81501 73050
775289 775288
775289 775286
912511 1226725
372572 250088
164325 143907
466074 6861
85968 71326
1345540 1345541
165282 852185
559260 179344
214691 163417
106603 164102
464743 420453
144745 140702
1107249 852185
594302 433808
146622 401771
427596 420346
77154 85255
621913 849802
145830 498766
505508 158305
1135444 1135286
304428 764257
211221 212509
187712 159993
165059 934909
179306 33157
112705 1155498
221260 961537
377265 4537
92396 74149
470820 1459612
26025 714871
33313 147414
33275 103234
165077 165076
95158 95159
77276 1361718
970061 1078453
163765 163766
163765 163767
1284094 492259
164528 227869
163331 164102
82609 69970
550296 95697
106603 164209
617888 617887
72052 72053
1072256 1070613
48808 32788
73985 99050
163331 164209
735697 613002
141211 142760
624164 439842
624164 624163
80502 89799
775287 775288
288197 366339
371828 37383
492304 552830
195623 934878
1467672 727693
913440 171917
1351504 1351502
164209 371846
222181 176409
23142 24786
163804 163806
109188 1430664
164471 164473
372846 1467699
535682 370968
3251 33157
211221 934568
371959 347723
83690 83691
1107249 164209
1258266 1258828
138972 138971
148941 164616
727369 558907
505964 321315
139320 59481
1446501 1446498
1446501 1446499
26049 887869
372701 123907
419786 1139722
80502 84240
141167 141058
15262 48124
1039281 420720
869005 656934
15262 124162
1467671 727693
33577 398321
323246 463664
1447628 1446508
139320 139471
148970 163330
148970 163331
565384 145559
301120 419218
148970 371846
77555 85704
187152 1350284
1450723 1447751
808014 1015332
1154620 298899
61786 423765
1417131 423733
11330 48805
95225 76914
656630 513996
542148 542149
226062 16744
849770 458979
93924 1154476
600148 1384566
600148 1384567
83843 71970
1031607 1031606
1002896 181061
18574 160255
89879 86564
23231 89964
140563 141060
1079404 1069390
16270 477058
36822 304071
20062 153374
1066703 1066704
1066703 1066705
1066703 1066706
68221 65978
61433 118953
68038 868488
12344 100748
234109 48430
311812 567975
361276 227778
142903 70340
379149 1457782
373406 1166073
36224 1467327
44131 44133
67737 67390
849855 428263
735697 399258
465569 178780
182433 1381129
1073454 1073453
526711 526118
165282 164102
887879 887876
887879 887875
3449 1114868
114149 198562
1495722 1495721
1467326 371794
1467328 26049
887899 887892
67620 16644
68038 419128
68038 419129
93016 87808
410218 35940
165214 267371
301157 577073
81763 81762
1385683 1080676
72860 92840
934094 177249
189055 7202
6576 191973
28302 702802
210760 683290
1350322 1350324
1350322 1350323
1281193 99849
1385685 1154443
214452 212015
11220 142193
419688 419689
1218656 69558
130406 420416
868218 513956
303350 464621
163608 164851
874716 1290034
1350011 473746
885449 576820
402844 36224
89594 79769
616305 616306
735712 735711
59175 61383
463952 373232
91254 71680
1067438 1067439
1067438 1067436
1067438 1067435
83953 83957
1079407 1079404
1079407 1079405
1079407 1079406
164701 24775
144313 142903
29715 202820
139321 17403
181064 1460060
1141306 1141699
164703 164616
1411067 268077
617194 419219
140150 140148
140150 140149
140150 140144
140150 140145
140150 140146
140150 140147
140150 140143
370769 591676
46501 447919
371495 443845
1072531 1072530
145397 145153
1002883 1002884
163792 24786
190974 38823
478534 1059648
165165 68831
1079144 515892
5455 27835
83843 83842
1188271 1447558
164866 164867
1079146 1079145
306585 703005
67349 715368
63635 715406
96837 265226
300729 16270
213289 16724
481690 491554
1154443 1345831
37359 164616
314596 177267
1125880 358503
1073455 1073453
1154442 1154441
1107282 1107281
72434 72435
81765 887875
81765 887877
81765 887876
699566 40311
84240 89799
89736 77835
375462 36224
1029658 190405
1135073 1135435
464550 876380
1467329 887869
66045 314568
1163741 1097133
77835 89735
48516 27835
934279 271413
1449440 1449438
526465 526051
526465 526050
370968 749632
143909 143910
28302 934279
852147 1423002
410278 410104
23566 14586
526361 526832
1346104 1346103
559747 1282437
80502 59230
1457397 1258454
775459 371373
66516 66926
300927 679306
301157 617458
1389697 1389698
1459751 148950
209133 25177
301126 130468
33577 69626
70106 74060
164865 164866
164865 164867
303606 12050
1482938 159350
950542 253598
8015 963978
163330 371846
361474 2511
11220 27536
868543 868545
88760 88761
1467329 1410939
934505 68486
464743 1126518
464743 1126516
464743 1126517
25268 159350
164700 4537
1213151 198341
934946 934947
753498 753497
703086 703085
1154443 373232
1114287 92347
77823 77824
143014 146425
1343294 23394
423733 181061
211221 934570
24795 481685
413954 68831
1490645 1283247
140346 140347
1468721 114936
526125 526041
3449 29088
76562 71370
1258108 1258566
83955 83953
83955 83957
83955 83954
67737 149788
372779 58353
76561 73028
1212288 112227
1201161 1458805
1467326 1467328
1449751 1449750
1207461 957533
102537 165165
123467 347078
209509 321744
1066845 86718
18601 16270
10413 164528
4062 44784
163767 163766
73355 72117
4537 148942
303694 164209
1258075 1258076
33379 21301
139182 466163
250129 150124
267108 1417140
15067 208819
808014 1345855
372181 373163
371794 814342
267000 657132
280948 24498
71289 92812
869177 869175
874627 372548
72623 77487
72623 77488
74573 159086
142899 139168
163330 148975
934948 934947
84956 71326
164920 290516
1430534 1430533
179346 212604
83248 83247
1258226 1258453
1351640 1351639
1345653 1345652
371010 717340
594302 809646
145655 1346222
887876 887877
887876 887875
303615 304311
1020179 204276
179306 282087
164701 148941
383875 445289
106595 105516
466008 301089
93451 85704
17403 142903
84848 85552
1070545 1070547
464012 214452
164769 42612
1139339 1141052
164703 148941
164703 148942
86165 86164
58326 1495423
869448 347078
526070 526071
1116579 1116442
91922 78920
148941 164706
1114248 1114247
36452 481702
35781 16598
1289998 1045870
163331 106612
156533 214560
191420 887872
445850 418947
76220 3814
361276 372836
1116872 461983
85968 84956
887870 887871
92655 96095
816 526044
146261 142037
83806 77555
98188 418962
1291925 1291924
67390 149788
444305 27518
1495117 58326
1258678 16244
61739 208178
478557 265226
100680 40229
1351148 1351147
1383503 1015332
1467570 1467571
188815 1417132
1468309 1283247
147434 147351
576316 1002914
67165 69619
1459629 1459630
33313 164209
68643 769893
371373 481661
782478 2222
5430 522261
775375 921352
148970 852185
1430730 1430728
253450 465232
72032 71970
40228 39485
173793 91079
463952 1345831
774297 774210
28302 934280
69619 366538
148928 1381129
75531 78935
75531 78934
1218662 1218663
643454 249107
1068099 1068098
577593 624340
165215 164699
252245 312879
211221 211322
1447628 1449620
33687 17930
163330 852185
1450186 1450528
131892 179306
33484 363875
177261 69623
165282 1107249
934347 362796
601444 747965
164660 118167
1081671 113279
356665 1309088
303694 33313
58283 1024379
402836 353711
1290005 1097313
934216 214560
164451 106605
267000 1126424
212543 212144
165282 106612
1066683 1066685
177246 5437
9430 70106
165812 371817
67383 30756
1040745 1422526
29843 75885
39941 5767
159350 486985
69864 372208
140147 140145
463946 1241863
2701 150244
211694 215406
526160 526161
462154 2224
32582 324158
54739 1071399
463751 8684
490048 322198
252266 252433
75241 1491023
75050 84654
164699 164705
301118 428263
445545 445289
160668 1116436
23248 3251
372701 314522
1346088 1346089
45333 29397
16946 96655
57462 1521634
142900 139167
267154 179344
321744 1495722
321744 1495721
1155968 1155967
131796 727369
447225 2133
206945 458979
47338 139471
164473 164472
851288 163593
1066843 1077381
1066843 1077382
1351490 1351489
616103 402450
323228 547387
799767 929881
59216 7005
371159 165214
17824 1383563
77825 77823
68304 68303
624290 624289
939866 1068511
182433 148928
1467572 1467571
1155968 41244
1139339 1141493
36224 26049
617229 179306
163792 148975
1460044 723380
164923 419730
1258697 1258986
12556 18041
934094 491269
1345536 66926
68440 179341
164102 16952
1467326 887869
1099 68831
93342 74538
272959 358383
372584 373387
209509 1467579
1381109 40952
164909 481683
1071522 1075629
78934 78935
526711 526712
9137 164451
9137 164452
83382 231581
934673 214560
995232 1467480
1459560 410017
97790 97789
17396 17341
68032 147351
72209 72208
1284281 1284280
774216 104395
247 37816
133035 361276
1259559 1039515
377265 1346052
1446508 1449621
88901 83998
1504140 99849
82446 94969
830952 238598
618015 419218
1154200 1112956
887885 58252
177300 410277
410159 769766
69211 361276
45021 963978
934949 934946
934949 934947
72114 73355
80069 76897
95697 934413
1467328 1467329
1467328 1467327
1127838 1127837
44564 1290011
156533 171261
77825 77824
1081689 1081929
99368 72917
99368 72918
1351980 363981
42230 122523
71376 71377
93924 2519
481655 64428
111451 1153531
67039 1490999
1468269 1495628
131892 33157
209133 465224
1072866 1072867
83916 78935
83916 78934
181061 582281
130406 128145
1219501 1219502
1219501 1219503
20296 42612
32813 17862
144785 222634
142699 144745
147414 33384
24881 371038
1283521 247236
1448308 1448309
91406 91405
420453 1126518
78137 46998
617229 31094
373138 23587
148942 24775
1411541 1411542
885447 885448
66983 181086
934505 59175
81763 81764
81763 81765
81763 81761
526361 366590
49057 75974
49057 75975
49057 75976
77381 83955
1488707 1258395
33046 177211
67165 366538
1467328 887869
1416359 1416358
352187 851795
256185 715438
164704 164706
19574 445613
42959 834728
96837 478557
147482 147485
747500 106617
32536 590336
889810 1220032
36822 122093
1257998 1030631
1154475 1155816
901872 1378382
901872 463952
618671 208961
853486 171600
163792 852185
68486 59175
526044 526039
1446649 1446650
775287 163389
1447557 159708
355205 1490214
918320 754523
1459693 45981
402374 179326
164704 164616
81765 106608
1031607 86434
887878 887879
887878 887875
887878 887877
887878 887876
148928 1381130
177199 410151
177199 410152
814342 26049
163792 164209
167277 10834
216826 22038
466398 466399
774676 774677
1431035 1430522
1383720 227377
463952 1080676
163792 164102
1002898 727369
1446500 1445555
159143 103234
21537 69050
182994 218224
1220323 1220324
543348 543334
1092 140517
123467 1116556
140563 141058
75241 1029461
141506 141507
212015 171870
935067 935064
775458 371373
1155817 1155816
1155817 1155818
140945 145515
140147 140148
140147 140149
140147 140146
140147 140142
115857 1082087
1447750 1449438
1447750 1449439
145397 868544
1066746 1066749
74973 161211
80619 75215
462670 1116552
75241 591747
1385684 1345831
35078 76899
492303 491591
846011 846012
885447 24786
1141700 1141306
68486 934504
1411158 46501
934570 37593
77169 423670
75439 118953
1482938 25268
164702 4537
82688 76363
82342 76184
470820 1124611
18574 181086
1467328 36224
444305 23161
49260 934504
130406 59141
1071394 1067437
1071394 1067436
140147 140143
869084 869085
163792 371846
212509 37593
1283149 1218467
83842 72032
164102 371846
821803 353711
95158 95160
95158 95161
373124 373123
1154531 108487
1304982 34910
1031607 1389356
727317 61787
71665 83169
163856 163855
481674 33112
466449 67287
16270 4062
1153904 1153903
934505 934504
1078486 1078485
1139081 1139080
73403 79174
735706 586431
163331 24786
163331 24785
66139 64810
617457 402374
37593 211322
419463 41299
73375 59230
93912 887872
164807 164806
1074013 1078452
1074013 1078453
4062 70129
93924 69096
595409 165146
66545 552660
67620 102537
371794 36224
1416360 1416359
1079089 1079090
106750 1116678
195886 695617
420719 1257948
164102 164699
1259023 1259021
33275 159143
1212360 434478
1129253 419052
2489 48516
164700 164616
1389315 866503
934569 32550
1060055 509582
1488562 1422526
885450 576820
182433 1381130
164923 98188
32964 208761
20062 181069
163292 159143
67937 60609
526711 526710
1227086 1126558
601444 747520
934569 211221
1257955 1244491
163389 852185
164923 24745
1113942 17389
1079404 1079406
1079404 1079405
182994 528076
747153 950541
1115454 118260
76468 76467
66 74973
79102 67105
140144 140146
140144 140149
140144 140148
142193 27536
164704 16952
84827 72975
148970 165282
8684 15122
851782 41737
86911 58818
75159 73388
88091 88092
212509 211322
163888 160668
58316 372836
33313 164102
24785 24786
1448101 1448103
1115027 472100
1467328 1410939
11330 103234
140883 139442
481665 481663
462064 159708
1258287 1258288
27805 3708
493229 1284180
267369 12344
211627 16636
869264 375462
179306 31094
33313 165282
93451 77555
410017 313864
71370 71377
71370 71376
164703 24775
18038 323375
49192 3708
78876 74850
69050 148905
1154757 363875
526712 526710
163331 852185
1064112 1064113
164702 146605
1155047 388320
1135436 1135073
27062 10068
934280 271413
1153915 194043
501445 353713
885441 885439
373247 290516
1430506 1430507
1116873 1116872
526783 526051
885455 466415
32550 37593
17846 100712
59261 569884
69993 69992
526712 526118
769798 439931
1258142 1040662
106611 164102
33687 160128
465569 464069
935070 1504150
1346397 10068
1080676 1378382
33313 24786
33313 24785
379149 321315
934504 59175
198562 1114868
104395 164325
17403 70340
144121 144117
935065 935068
935065 935064
935065 935066
250090 154169
1258325 1039297
1495131 1495129
1002883 178802
155476 78163
267005 163389
67105 17474
513480 775458
513480 775459
513480 775457
464383 373148
1258826 1259504
1382760 601954
1155029 71326
490048 1072308
1447297 1446019
11756 446786
66999 1417800
281234 444877
78163 1289934
144120 144121
144120 144122
702887 702888
41959 616792
226062 163809
133673 419206
1067436 1079162
18047 934400
1378380 463952
1467329 814342
164702 164102
73375 73725
23163 164699
191420 363439
25621 271413
1029241 106611
375218 163709
679310 866503
372291 171899
525948 526364
344408 160128
67898 370905
66983 160255
715420 4455
164096 148983
1066750 1066748
1467943 372916
934949 934948
163626 163627
724130 196627
372187 68408
144658 17526
808014 1383503
59359 303746
59359 303745
1467326 26049
144954 144956
144954 144955
144118 144121
74538 86729
148954 120165
1467329 26049
3251 282087
64131 70129
33154 100404
906984 439500
492698 934307
99216 72828
80070 84848
372805 866503
1259021 1259022
145100 145534
35940 146521
1073293 78856
247994 314522
934346 266037
1446511 250087
159708 1417476
76701 79751
98100 98103
98100 98101
372665 465594
27407 66784
4402 466116
913440 170816
32927 830883
1218740 1410957
414477 934330
934346 362796
356665 723987
93924 853275
616100 616101
164616 24775
1074013 970061
33347 179342
164700 164102
1068097 1068099
66516 65823
683720 396171
517867 22712
735697 735698
80502 73375
542149 1468269
869448 344235
464984 113279
227322 594242
618015 301120
164102 148942
97018 73375
181069 17129
106611 164209
1002913 1002914
24726 44784
774298 774199
1077671 1074818
36452 144781
58353 102059
99368 72916
164700 164705
164700 164704
164700 164706
163792 1107249
625385 1345536
120165 33484
1350861 1350860
421723 581674
6673 132011
4537 24775
77543 74513
18569 306615
934568 934570
59141 212504
345019 179341
226609 907055
371794 1467327
430125 92347
71726 85752
32646 142079
93924 173006
146605 24775
1066658 1066657
165059 366339
153906 419687
153906 419689
153906 419688
1389356 1031606
1078394 1078393
1350286 1350285
1350286 1350284
1430548 109188
1067435 1067436
1067435 1067437
1218760 69909
112543 1289638
209133 465225
1385685 1080676
868218 868217
868218 868216
106638 14703
33577 1489064
1351980 1351981
267474 464641
146605 164699
423733 423921
1503937 68909
78876 72254
550296 137
465615 1081726
97791 97789
1491023 1029461
372122 1212018
302235 1155900
934570 211322
155301 443845
493229 1157363
413865 267371
48430 419024
93912 363439
849770 206945
2559 814684
1067439 1067436
1067439 1067437
1067439 1067435
215018 550083
23352 1032674
419848 419849
1467329 36224
526895 526638
163331 106611
1125750 1125749
1383853 24521
72916 72917
447919 208961
464069 178780
1015324 1489081
123161 306615
106604 1116918
1346106 14570
1112956 110456
75414 98315
24786 371846
164706 16952
1141724 1141723
1258266 1259139
144314 142903
17396 97780
179349 250044
67804 157473
32927 250128
124190 168951
1459860 23394
24785 148975
163330 163389
72116 72112
72116 72114
146882 141192
1219932 1219933
1219932 1219934
613002 399258
1071013 1071012
1467671 1467672
142696 866503
212509 934570
419262 419263
419262 419264
875719 1031494
155827 1058551
1079145 1079142
78200 58461
3712 179344
163331 165282
679310 372805
164704 164705
934568 211322
163591 120165
164702 164616
377265 67064
164702 148942
175962 934673
1383089 1383090
774624 371421
1411095 1411140
342827 190405
1116556 869448
935048 59175
139541 139156
250103 179349
1125750 372342
24775 164705
25621 934279
73215 73216
775460 481661
1417131 188815
372342 1125749
213226 16601
1045870 1114415
49260 59175
513480 775460
1447733 1449632
141190 142321
1039297 552939
303243 303242
837299 371819
1080676 373232
1078452 970061
589872 196627
2685 2686
774176 774175
445334 950536
934569 212509
97018 73725
97018 73724
950544 1220179
146261 146260
211221 37593
1003612 12613
73356 72114
73356 72116
73356 72117
73356 72112
24521 1382786
826869 386338
163792 24785
209509 1495721
209509 1495723
209509 1495722
769893 1127154
1220260 1467775
1141533 1141532
1416281 1416282
82115 82117
73403 71289
535682 749632
775459 775458
69417 86924
208341 1029658
869380 869379
250053 250044
547475 373413
144119 144117
621913 428263
1002898 1002897
526050 526783
1389315 372805
33154 33484
58283 1024378
934568 37593
106603 852185
356657 268077
968961 150111
774419 163294
144118 144117
144118 144119
5437 210815
1072529 1072531
1072529 1072530
148927 148928
1070455 1070456
1218814 477058
72918 72917
72918 72916
172174 830969
43531 1082186
372954 763738
106630 106595
526369 526368
513480 481661
17691 91968
1155340 1155342
344408 472232
373251 95136
775286 163389
1031571 398366
271204 1383074
1447557 462064
139321 142903
176684 67843
1448098 465179
1448098 465178
1385685 1385684
1385685 1385683
1468880 1468881
410277 410104
164154 227521
33596 617194
163331 163330
820761 38113
935067 935066
935067 935065
396152 214560
547475 164557
143612 33262
143113 1345709
32964 522261
1172867 1490214
439931 595409
27805 267108
91254 75877
1066752 1066751
1350013 1350011
1350013 1350012
371199 621733
213226 25621
2811 121987
686381 171261
163792 106612
163792 106611
79813 9430
1495723 321744
1219584 115857
1107249 24785
1107249 24786
73381 76726
1154442 195312
868806 868705
1140493 1140494
77169 1504130
1350518 1350517
164701 164699
38163 466067
1076777 678232
1154619 298899
1258027 1032777
1211587 1212142
1073691 1073690
934280 702802
66139 19903
472944 1346267
86583 72337
750517 381
402448 265226
1378380 901872
73375 73724
23566 16270
59240 505699
1066750 1066749
1066750 1066746
1066750 1066747
24785 106612
143109 143108
143109 143107
3251 179306
1467569 38536
434164 118260
177261 2489
537511 934455
1350011 1350012
65446 189839
1068097 1068098
1350285 1350284
76701 78333
164701 16952
402844 814342
68408 33386
72609 143334
1165716 1244263
303694 1107249
1468394 1468395
428815 49190
504874 504873
1488759 1039322
195623 446786
35769 22955
191420 93912
227538 1107286
306771 213876
725501 160165
279735 69369
885431 372036
89032 89031
1467328 402844
1077670 1074818
1112206 431778
578997 727693
97791 97790
513480 371373
75975 75974
89424 71941
238048 949734
213367 934795
1447475 1447750
1467778 38113
1065960 569613
301126 106589
1154315 1154780
1075629 1066925
85551 85552
1025339 1289856
463952 1378382
545396 1258845
1468929 1468930
303694 24785
303694 24786
1491223 1491222
625385 837229
1219584 1082087
1450529 1450186
1154443 1378382
934076 464126
464022 36452
1002903 179346
372836 227778
112080 1411261
