1107835 1107833
1282499 23293
1282827 371757
1282828 371757
1227209 1227210
1218660 1108545
1282344 1282345
875770 1289627
1383440 1290033
1218721 1218722
1218721 1218723
1282052 1282054
371423 1284317
874532 874533
859040 1430717
567804 1218657
874628 874629
1284270 1282374
1282054 1252044
1283225 1166171
1281958 464766
1384579 1384580
1289628 372754
1280590 1289680
371975 1283756
3719 1283226
3719 1283225
1107834 1108032
1227000 1227001
1430523 1430628
1289626 372754
372395 92347
1218669 68032
1227729 304431
1282200 1218648
1289626 875770
1430914 1430915
874683 874684
1227940 1228155
371000 67098
874555 874556
1283225 1283226
1166171 1283226
550119 1283187
424115 1284317
1228229 1093155
1282499 1282500
1218563 1218562
1332596 1430565
465124 1283187
371423 424115
159076 1289871
1430554 543332
1029164 464995
371691 1283020
597264 874533
1154891 1430914
1154891 1430915
1218458 24725
1218910 1218909
1282500 23293
1283028 680892
3716 140905
445533 21478
1228228 1228229
1282052 1252044
1282156 1282155
597264 152951
1108022 1108021
23293 1282498
1218502 1218533
1283596 179321
1107836 1107835
1107836 1107834
1107836 1107833
1060027 1108081
1282159 1282161
1289628 875770
106620 1283126
463719 680892
1227459 372065
1218871 1039317
915719 1282577
1000795 1283481
1281932 1281933
874533 152951
1284270 1218810
836070 1384350
915719 342481
1135471 543332
1282159 1282160
1219808 1220180
445439 1430633
1282053 1282054
1282053 1282052
1025339 1283558
1284137 1284136
371000 768801
1282803 1218519
874532 152951
371342 1282316
1282500 1282498
874556 372861
1282161 1282160
1283266 1283018
1289626 1289627
465124 550119
1107834 1107833
1107834 1107835
371285 303913
875770 372754
597264 874684
1282374 1218810
874629 576026
996591 1218722
996591 1218723
996591 1218721
1289680 1289679
1282039 1283102
3719 1282264
1283028 463719
874546 25623
1108545 92347
1282499 1282498
1282577 342481
1218736 1218737
1289628 1289627
1289628 1289626
1283882 1283881
1242299 1383672
372480 1218509
1282942 179321
1218679 1218680
1283596 1282942
67098 768801
874628 576026
1113812 5042
1282786 1282787
1218489 989816
1292544 1292093
1282828 1282827
372395 1108545
1289627 372754
1280590 1289679
1218714 1218715
3719 1166171
3716 550119
874532 597264
874683 597264
874555 372861
1282053 1252044
1218723 1218722
1228228 1093155
