372975 749888
445577 465398
1291748 1004088
143669 143671
143669 143670
513968 874560
1289999 95136
61786 267332
1383823 259962
58316 361276
464676 464675
371656 4537
464448 464447
1282135 371008
1416789 498226
445613 372548
465441 830948
465441 830947
1282261 372947
68221 465761
68221 465760
1430473 1430474
934922 371680
389656 77160
1284372 1219800
465916 465917
465916 465918
465399 445577
139977 139978
1282628 627527
464848 372776
1457824 211683
1218599 1218601
1383487 1384246
934989 934126
1289754 809647
465421 465420
371680 267474
505699 1416617
1111813 372858
1266508 1284199
464648 464650
1384169 1384246
1384304 1384305
465958 465959
465059 465058
2957 1111976
1430474 1430475
333406 306124
1383241 1382678
464270 464319
464079 464078
338446 465532
1218599 1218598
750859 398495
1113942 1115233
465261 465260
465407 465406
143577 143575
143577 143576
371677 934923
677695 211738
463812 463811
1282039 1282038
1284007 23225
371106 464149
1025339 1025340
464187 464186
934662 934664
934988 934126
49511 158167
466498 466501
466498 466500
72705 1382709
934921 211570
934921 934923
371077 371075
72112 213285
147434 402140
1476053 96726
934520 270671
466501 466499
753545 753544
934833 90222
466277 5608
139979 139977
139979 139978
465344 419486
466491 466493
373373 70355
211738 934778
1289861 100748
701871 1284224
701871 1284223
115649 464642
115649 464641
1218997 1112231
466096 40952
120165 61788
1284373 1219800
465622 465621
1219829 1219827
163330 402140
603670 660047
465397 445577
75404 66999
1281894 1282604
1025249 1024387
419052 1116787
1284590 1284589
1282674 1218811
530409 1081774
304141 596239
465759 465761
465759 465760
464186 465264
874574 874575
466406 466405
466406 466404
464644 464645
1108741 1108804
1283915 1283914
934875 279246
160165 1114313
1024846 34622
1383215 1289638
465761 236753
463792 463791
143575 143576
463814 96726
153136 1025268
22872 874632
338381 464649
338381 464648
27157 143669
787393 1383170
1187 624325
1476085 509094
1129459 1219591
80289 1383001
466063 466062
465451 465448
372776 139910
466494 466493
466494 466491
465449 465450
466406 304428
370950 934544
1282624 1282798
466255 466256
934404 934126
145682 145683
93924 164157
465414 465415
464250 463753
1476090 78894
465384 463975
304141 433593
1383554 82522
93924 1383854
1284006 23225
465916 465919
465758 236753
1284058 371798
267474 372707
61788 874774
463939 41299
1431129 1431128
66828 267332
371677 211570
25628 5608
423921 464355
1024720 1024721
463678 463677
872535 1289753
464423 464422
338381 464650
72874 1384537
27157 143671
27157 143670
874669 809647
1289673 1383536
1475928 1475929
934988 934989
93924 31255
1384169 1155862
874663 727381
146799 466494
146799 466491
934922 211570
465918 465917
465449 465447
465918 465919
465397 465398
465397 465399
1383622 1383623
463959 464549
934921 371677
12344 769894
1218490 1218491
677695 69619
371000 67098
83391 1382678
464717 464718
874697 769894
1289685 1284435
1129459 1219590
1491260 75439
143812 143811
1025127 576982
1438579 509094
304428 466405
59180 934395
1025024 1025025
1025200 1024403
466011 466012
465413 465415
1024984 1024983
465788 47793
423921 372957
464646 464645
464646 464644
78779 72874
140216 463927
464629 464628
465080 465079
149008 212015
464708 464709
373368 420666
1114182 1114181
1218598 1218601
465399 465398
102537 152951
143810 143811
270671 934519
1382903 1289673
78578 1364766
466011 213895
1219840 111580
464198 464199
215630 165059
215630 165057
1384304 213285
1218600 1218601
1218836 227322
603670 72705
464165 934571
935005 935004
347198 215406
1220233 1220232
463965 463966
463965 463964
463965 463962
481696 267332
371272 679303
723251 758649
934452 96795
1289815 401871
1383623 146172
1218600 1218598
1115174 1009906
1383623 1383856
464848 464847
1033481 1030584
464708 464710
2222 707894
934922 267474
1108793 61786
466500 466499
1383241 83391
1383856 146172
1025249 1024543
464325 464326
209839 465079
1025127 1025128
20062 215704
1284223 1284224
69619 3709
934922 934921
934922 934923
304135 1457228
464642 464641
1384092 1383877
68890 1289685
1166123 1166122
1383192 1383193
20062 61788
465451 465447
465451 465449
323847 100407
143946 143945
338446 372946
338446 372947
165059 165057
465084 465085
164213 164699
66999 565383
716772 997425
1430473 1430475
145681 145682
145681 145683
158998 123043
1258338 96574
4465 67898
1282006 371008
464477 96795
90222 934832
371076 371075
1024829 1025153
1218647 679303
1025166 1024655
934923 211570
1024696 1024695
372975 1491199
465761 465760
211738 69619
143113 144269
66999 1476101
934483 934482
66999 306133
1219591 1219590
36822 464641
465451 465450
66999 146144
505814 165146
1384305 213285
1218599 1218600
123673 464549
139129 139130
1219839 1219840
466203 466204
1061229 1411609
139979 139980
934602 212524
1284372 1284373
90222 372472
463962 463964
80310 455819
1024830 1024828
1382813 708386
139980 139977
139980 139978
466027 465495
464710 464709
465450 465447
1282311 1282312
934832 372472
1166074 5428
1382796 1113942
463737 463738
1024695 1024515
130406 1476032
874700 1289658
371680 211570
371342 465207
465647 371846
1024459 1025268
28057 361276
344408 120165
1383487 1155862
1382965 1379088
61788 215704
66737 371006
31255 1383854
576982 1025128
934404 934405
110412 464386
466370 466369
371077 371076
139129 139128
464348 419173
493259 831039
466405 466404
1218716 1211488
934630 934629
139130 139128
465758 465760
465758 465761
333617 1384055
464848 139910
466492 146799
466498 466499
465684 1282958
139412 72112
464423 464421
465057 465058
465057 465059
1219928 1219929
624183 323257
1284372 481710
488087 1290000
466501 466500
464318 464319
830948 830947
78779 1384537
874591 1166046
372323 1024400
1284532 1284531
372946 372947
464077 464078
464077 464079
874715 874714
934921 371680
1382776 1382671
603670 1382709
147476 428204
463899 35538
464649 464650
1163741 603919
463773 463774
35940 874534
362906 500852
1476092 1476091
372262 1025249
1476119 1476120
48827 333406
464847 372776
68890 85030
1111779 178784
371677 267474
1219928 1219930
466012 213895
145680 145681
145680 145683
145680 145682
139412 213285
466492 466494
466492 466491
466492 466493
872535 1383823
146680 146679
463963 463964
463963 463965
463963 463966
463963 463962
140216 464573
373370 464766
75404 1476101
466064 466063
466064 466062
371680 934923
32927 356427
466185 464860
464351 464350
464419 464418
464421 464422
54252 464422
54252 464423
54252 464421
363971 72308
344408 61788
464165 1289684
222934 1282593
59175 1491260
329407 71955
142193 1289717
338446 1282261
464649 464648
36822 934647
209839 465080
463966 463964
463966 463962
463990 465003
371000 768801
146799 466493
605641 1024914
433593 596239
1284006 1284007
1476108 1291748
934833 934832
1025128 713115
1127742 463636
465448 465447
465448 465449
465518 1284532
465518 1284531
1025127 713115
465759 236753
465479 466497
1115318 1289621
72705 660047
47793 1116787
464355 372957
143810 143812
934663 934662
934663 934664
372157 106598
382382 112080
466276 466277
481710 1219800
1283564 1282777
934405 934126
32927 702517
1155267 490117
420584 433593
61788 372548
1024827 1024830
466274 373147
900095 1025128
900095 1025127
900095 576982
1153962 1476042
889630 1212005
466252 143475
464318 464270
465842 465843
465448 465450
934923 267474
465810 2224
465839 420574
1383457 1046449
372975 934768
466276 25628
1024696 1024515
1490638 1490639
146680 146678
420584 596239
1282993 851848
333617 1059082
1282593 1218467
371677 371680
143810 143809
1282089 464961
1219828 1219827
1219828 1219829
59175 75439
211570 267474
934991 934990
1289857 313431
1081716 36603
464095 464096
143671 143670
1383304 1154140
303271 420666
1162029 1292057
934833 372472
1382617 95136
1024827 1024828
1024827 1024829
934799 934798
281245 1029440
1384246 1155862
259962 1289753
1289953 145527
1220759 491785
464578 464579
464192 464191
80310 1281949
372472 1490639
934697 934126
1111779 575837
1383823 1289753
464646 464647
463959 123673
1024829 1024830
372262 1024387
198855 89439
934608 934609
146679 146678
1114368 5042
26674 361276
194789 934901
304141 71955
1282135 1282006
68221 465758
68221 465759
900095 713115
372262 1024543
199832 1476097
1108958 1108959
463900 35538
465760 236753
1114182 1289909
934921 267474
464366 464367
934922 371677
433593 1289718
1220210 1220211
372472 1490638
130406 1383241
1430553 1430818
465758 465759
934452 347198
27805 3708
1476085 1438579
304428 466404
466277 25628
465413 465414
1219930 1219929
222934 1218467
463899 463900
465664 465665
603462 1476060
1290003 77309
465917 465919
464647 464644
464647 464645
1024829 1024828
420584 304141
68890 1284435
466103 466102
465471 465472
67098 768801
466308 58941
464653 464654
464847 139910
1108960 1108961
68221 236753
130406 1382678
153136 1024459
1108980 884497
143809 143811
143809 143812
934450 395337
1476102 1476103
934520 934519
1476045 1476044
1476108 1004088
353717 373387
130406 83391
1383487 1384169
96795 347198
1282654 1282653
1289762 1218646
463814 1476053
576982 713115
1283378 1283379
1383369 83321
1383932 1383931
145612 145611
1383766 999267
464838 1282952
1476089 66999
178784 575837
329407 304141
872535 259962
1430553 252430
660047 1382709
487540 935040
1219839 111580
48827 306124
419052 47793
303271 373368
466276 5608
212801 372707
465766 1490844
252430 1430818
372946 1282261
1025247 148928
831038 831039
1431091 1430633
481710 1284373
1024668 371750
1024387 1024543
