839055 1103508
58941 211199
139259 1218928
371730 464899
1467625 1467624
93924 355334
462064 1283773
723368 723369
946381 1284206
17403 303966
1490591 1490590
1025107 1025106
66501 69252
957595 616463
1025237 1025236
1155791 1155789
1411142 1411103
10351 104395
1258552 142791
723607 58326
1153538 1155119
750109 372948
147476 61786
77276 425814
698857 618902
128360 465736
128360 465737
69050 260371
225480 225464
1258067 1258473
876817 199844
464391 466490
1114710 256714
106643 618479
625391 775300
723123 723126
723123 723124
723123 723125
414434 935106
935126 231997
42845 464316
874764 33238
389656 77160
306191 36640
1154150 170286
906953 37273
165206 1115089
372167 359061
1490590 1278323
91946 33238
590336 402140
103503 370950
1284554 575862
163593 371846
303300 464390
723369 723370
58941 464001
58941 464002
143399 1113773
1258067 445468
487141 332879
181067 173998
360327 1111844
260371 24757
371911 1153597
139352 140770
276354 1114405
419534 69252
698857 411960
1465226 1465225
1465226 1465227
1111811 61787
1258289 1259377
465675 464243
537725 207836
201497 171261
464431 463804
1113882 1114550
303702 303701
1244443 837128
1207456 1207457
33379 179309
464287 464288
463904 463908
66999 1154659
17403 419244
1258617 1259593
1289804 313431
303916 303917
67064 4537
1061990 359061
142963 142962
465093 465095
723368 723370
464839 1218730
1258067 831048
1416606 1388462
464389 464390
86583 1154886
86583 1154885
617901 617902
14233 33104
120165 547334
1024692 199844
464391 303300
1284037 760693
215115 463819
821387 1411399
253450 464391
87427 50278
1212005 165206
1155657 72874
73258 1154992
401940 147414
465839 25566
372565 1024569
1289934 45812
851919 400061
49783 4062
1025348 1025349
698856 618902
513994 400061
1465997 340199
1024827 1025107
233106 1024569
27734 24776
463630 143659
225479 225464
463922 209454
161355 729212
1290017 1290016
66777 402770
1115304 213285
504776 49190
304141 1164430
144979 147160
1494217 65905
750347 934928
1475778 1475886
215630 214558
419074 161294
1025237 1025235
1129023 1282100
122523 215406
1411364 996246
725187 267528
105932 31094
1411624 775291
1416395 1416396
466394 25623
57462 830964
33379 179311
570143 1289718
463832 934611
1064170 280935
33313 831072
907045 907046
1024637 1024636
1282100 413926
2372 173642
57462 465647
372726 1410914
1154146 1154145
464540 214621
49511 158167
1430526 1430525
9226 106641
1389661 1459849
73375 58900
464388 464389
1111771 225491
445468 20066
1258968 99589
775452 465473
1114586 1114585
303615 303616
464477 347198
1421 614608
723560 173919
2222 1166136
698854 411960
466211 59045
466394 463908
466394 463904
1061990 249337
146622 131892
91946 142803
163782 59114
164213 24785
372752 401941
1025195 1025194
1079607 1112147
723409 723410
464647 18588
146838 146839
464090 464091
768812 58556
78779 1382770
93924 1154425
1411106 1411107
723105 723104
1025351 753753
1219889 1219890
463904 25623
69050 185320
463631 463632
48917 770654
464576 41737
750109 372949
1205372 1382928
775301 625391
143399 595418
306605 1410856
464112 768801
120165 61788
99798 1382686
1382614 1382615
236538 155803
1155234 1153597
723280 723281
730763 69735
1218915 418947
163330 402140
213285 934611
393551 215062
66528 23316
1024540 372870
237701 250044
464331 464330
616371 58252
723638 723637
1024692 1416590
1382577 304141
54252 371681
225471 225472
165146 372548
1282886 1284430
466440 267474
1383444 1383445
1143329 321347
211570 58473
1411088 1411087
41089 144781
787887 73028
464312 464313
72874 392589
466394 464696
1459761 1389661
1289730 399
466167 466168
140216 303297
466211 58922
1024827 1025106
145830 141013
723226 6009
934329 173642
1111834 1111833
5441 458950
934875 279246
67843 769894
115775 419052
22872 225512
1284096 1218662
723551 723552
723551 723550
1430854 145279
1153657 1140145
35940 3709
1258115 20066
1154133 50278
225523 225524
225523 225522
98680 72115
164214 851241
274510 601768
72116 329067
801154 1024637
801154 1024636
465094 465093
465094 465095
837128 1258711
69441 303877
1108946 1108783
1467721 25677
419545 1218467
1024957 1024956
1258289 398366
145143 145142
142803 33238
1260090 934729
344408 547334
1079607 61787
68287 3708
420719 601048
723124 723125
1466140 1466143
1466140 1466141
282673 48805
723776 1289739
93924 373185
344502 445526
934636 247
1024966 1024963
146241 1218647
1048038 76899
723492 723493
723550 723548
876817 372949
876817 372948
1065960 1382801
1153823 1153824
1081733 809647
106870 252217
1467375 1467376
466168 106598
379149 1457415
1153795 1384228
87427 1154133
1108849 1108714
1382622 934100
1385002 1308985
723167 723281
33503 213846
155206 1282137
1465998 340199
445468 831048
344502 463819
465343 314522
32089 402078
301397 1107807
146622 845994
1024871 484283
1416484 537188
33577 33313
304128 304129
146179 106598
464391 464389
464391 464388
194499 1289889
465737 465736
465094 465096
490117 73724
303871 254035
1467319 1467318
370950 61787
463939 466001
1064081 1064015
1024692 750109
66828 267332
114767 303966
1218460 1475778
1207456 530587
876817 461992
91946 372591
139209 139208
1258766 1258767
225492 225491
980703 155803
234109 63635
723410 234774
211199 464001
165089 79064
1383633 1383634
1416606 753725
143399 147414
1244860 1259072
212519 934109
1155707 1155706
165057 214558
1430884 1430885
212015 58473
461992 372948
464316 42830
657794 17862
514229 372673
1416942 1416941
1490589 1278323
1284190 1284189
142736 464759
211570 934361
466212 466211
793639 1063982
724438 1154591
252276 370950
1416485 537188
161266 160532
723126 723125
723126 723124
225510 225511
1113942 1114547
75159 155904
1207494 1207492
1024965 1024968
1024965 1024963
1258968 420574
1416484 1416485
634023 251291
698858 698859
141113 143633
157989 935025
1108946 1108945
1460007 179297
1458769 164209
1258115 831048
179333 179332
1024692 181098
1082090 420668
1289931 385564
1114043 1114044
465288 465287
466401 464329
1385020 1385018
141013 141281
723474 723433
44978 698852
1430523 1431056
72121 1383776
33638 5441
93924 1284570
677695 69619
266892 67587
1384337 21565
165059 172535
874733 10351
1466141 1466142
1466141 1466143
723556 723555
1411095 1467624
464391 464390
389656 934519
199844 372949
199844 372948
140527 806009
1074553 1411296
270004 711051
225495 225494
1283103 1283104
244414 1064083
934875 100001
877823 115215
723552 723548
1025155 1025154
163631 164616
1024868 58941
934322 163782
210874 775424
723096 723095
68129 836428
1229194 1031835
1112389 370950
67064 161294
18591 317509
323598 1383059
199844 1416590
464513 464512
566974 139738
1024963 1024968
616080 543334
253450 466490
466449 466448
27805 68287
13783 1114547
145141 145143
1292312 1108789
371037 5437
1259378 1166080
727245 402140
1410762 1410761
723623 723621
723623 723622
954451 76184
1138526 1207502
1218460 1475886
2556 464389
47729 1218750
192826 225468
1490591 1490592
373185 1154425
141611 142879
565823 513381
1283144 1283143
1025006 950011
445468 1258473
1401728 214691
227322 22872
177208 545396
464574 934611
303314 303315
317525 367799
723407 234774
1282488 5441
225524 225522
934636 104395
225469 225470
1025164 1025163
477036 402770
723295 372197
466273 466272
164732 426752
1063528 160386
1411057 1411058
1282488 458950
1291912 1291913
445384 301332
1283573 1283572
3666 1283713
616886 217352
1411088 1411089
84465 76677
698851 698852
32321 3708
128360 419254
163205 60687
32927 17129
1116983 445584
616147 402056
939961 1108833
66501 419534
67587 17129
106643 400396
2556 253450
249646 1153597
934361 212015
167613 179361
831027 1190370
61788 152951
140494 140495
1024966 1024968
1024966 1024965
1024966 1024967
1289942 788407
145783 164221
48808 1422991
1162895 35620
2510 122003
445574 1411231
445574 1411232
1113914 1113913
1219834 496921
1079607 252276
87449 84465
70660 16270
465679 465680
770654 101
158263 950011
33379 42341
215630 165057
213289 1218734
1258473 20066
372565 233106
145683 324158
1155353 205694
1495901 464195
225482 225464
1292312 1292320
616887 217352
1467764 1467765
723295 723294
723295 723293
217625 1457534
128360 163828
35688 143907
209125 303614
481696 267332
213896 36822
165108 753358
1258509 613003
1459974 1389661
1411021 462064
252952 68032
1218991 1218990
934452 96795
105570 163205
222959 91946
140216 303871
84390 1384076
481711 1282137
753725 1388462
913349 1155119
68753 212551
142927 145597
717475 165146
4421 316839
104395 247
1289786 25582
10351 247
25623 466393
876817 750109
373187 1289638
267371 19729
923471 1383989
464477 934452
1212005 1115089
934519 77160
629363 1024490
371728 1281975
120165 371041
716769 418947
934778 69619
616093 616094
464388 464390
465927 465926
1283116 1283868
463819 445526
1108777 1108745
723294 372197
1025235 1025236
723365 723366
1354806 1521575
1081024 1113754
1153806 1153805
934190 317525
420582 301397
590336 293073
514006 1265560
1257036 1258711
212519 10834
1127089 1220239
144811 141712
466424 466425
1111829 988267
1027056 1282651
215630 1114405
148953 227681
1385018 1385019
1024531 1024532
1207493 1207492
1207493 1207494
463630 463631
1383148 1289857
372210 464091
419530 217356
897880 177211
1410911 1410910
463908 466393
492423 711051
303703 303702
24785 851241
163809 465232
698855 411960
60482 775266
1258115 445468
225469 225468
1467920 1218750
269776 303966
464696 466393
1289798 1155347
750109 181098
775413 303966
513994 253308
139124 1430885
106603 371846
465647 830964
466313 466314
1025234 1025236
1025234 1025235
106603 163593
69647 995963
1289673 313431
464669 1435209
1154350 1154351
9137 158998
401941 70129
1258003 1258506
698854 698856
372591 33238
419265 26319
481711 155206
1154886 1154885
723200 723201
18041 79164
1430855 145279
1111831 61787
225504 373291
723621 723622
1218915 1258072
463978 463979
371802 373320
215062 177211
723407 723410
1258864 1289772
276354 165057
1466140 1466142
143399 139412
303781 303572
934189 122523
464713 1282587
536278 1467550
464388 303300
1467398 1467397
1411021 1283773
1411089 1411087
359961 398450
723185 688522
67064 419466
23248 31094
1086 96574
2559 814685
1202283 1259259
303999 77171
214362 215062
75425 261126
617485 617486
266202 41494
402899 1108729
750109 461992
1430854 1430855
140682 67273
165006 139738
876817 181098
723408 723409
1154352 1154351
1154352 1154350
1383935 256714
266892 19729
211821 215406
677695 934778
750215 935135
616886 616887
161294 4537
225479 225480
1024408 293601
102094 1025204
1384238 1114776
1282057 1282058
1416590 181098
934189 215406
750109 199844
42341 179309
464370 464368
464370 464369
1114405 214558
723272 723463
266859 67587
419530 419529
402056 814685
1460006 179297
464165 464166
464165 464167
110412 775297
110412 775298
466168 491591
426752 1490152
547334 178802
18601 215569
934361 58473
402930 420574
466394 466393
465096 465095
465096 465093
1282198 1283104
1282198 1283103
389 464189
227322 314522
769852 67587
715390 63635
1207494 488906
1114158 1114159
1465330 1465331
144213 144214
1258115 1258473
1115214 1108545
106603 775413
227322 465205
723407 723408
723407 723409
4402 465500
1081862 1081863
179310 179311
723636 723637
723636 723639
723636 723638
389598 316593
723090 723091
1465223 1465224
827403 348516
372752 70129
1024692 372949
1024692 372948
723408 723410
465615 458234
1259143 1258300
303971 723343
28057 361276
63635 65961
344408 120165
1491125 678543
33577 266202
32927 266892
715390 65961
233554 46717
346915 122803
215795 763738
1282793 613159
934874 402829
104684 1459577
846006 1282459
42341 179311
164732 959568
139490 419277
199844 181098
723409 234774
146838 98894
723280 723167
1411106 1411108
1112148 1112150
934322 59114
250106 32979
234109 715390
506179 1154640
874576 1129641
723272 723273
465249 142383
199844 461992
1292257 1291979
1258329 831048
464002 211199
234109 65961
163965 371729
19903 142803
1258991 1244335
373387 70323
650564 723359
650564 723358
1382784 1289803
321488 321487
164191 164192
91946 19903
723359 723358
106603 1129044
464696 25623
393551 177211
346915 493866
574943 1521630
372949 372948
373426 214621
1284061 303614
509548 1416929
1411474 1411475
1112258 774509
837128 1258460
723143 1289656
747908 234127
891686 164265
46880 19729
445677 727287
145830 142007
723408 234774
465649 465650
225463 225462
1244443 1258460
463832 464574
1465870 1465871
723090 723089
48917 101
1490589 1490590
723272 652013
1153635 1153636
143399 139259
463922 10834
372948 181098
9226 179334
1155723 1010240
106603 576170
179310 33379
1115092 1115093
1024964 407
143659 463632
372993 120165
698857 698854
698857 698855
698857 698856
465648 465650
1260090 214621
142736 464023
146793 143633
1218588 1218589
1490966 371448
163828 419254
1383934 256714
1153731 1153730
1382647 1384434
1383714 256714
25592 267528
175962 214560
463630 463632
775413 465647
279246 100001
163593 372288
164732 1490152
68032 934495
1490592 1490590
897880 393551
1416742 1416741
179310 179309
1283493 3708
465525 465524
698856 411960
1025198 1025197
1025198 1025196
876817 1024692
321487 439803
652013 723273
30038 65999
1155705 1155707
1025020 1025021
7819 653268
691860 35620
1289644 1384316
1495908 505075
750109 1416590
179349 3708
397642 1108773
397642 1108772
1283867 1283868
72874 1382933
1465998 1465997
146179 16612
105570 60687
1024835 1024836
145144 145145
145144 145143
145144 145142
145144 145141
60482 68440
28057 1284435
775297 775298
77276 313663
466167 106598
4402 35020
1031494 717340
1155198 1155199
179333 106641
1282609 1282608
465649 465648
463922 934109
163828 465736
163828 465737
145141 145142
1490589 1490591
1490589 1490592
303703 303701
1383997 82790
27734 106611
1457345 91946
92396 74149
723364 723365
466212 59045
164213 851241
48917 1024972
4421 723254
419244 303966
1411232 1411231
723549 723548
1113882 1115435
1466233 1155685
144331 144332
464756 753358
139259 595418
344408 61788
253450 303300
1289674 167976
24776 106611
225465 225464
212519 209454
63635 1458769
1155723 1156003
371232 1164530
1466142 1466143
225506 225508
618902 411960
1064081 1064080
1289954 274510
252952 934495
1384433 601048
33305 148930
159331 1154093
249337 359061
144330 5442
107236 727200
140205 140204
1283867 1283116
1025197 1025196
142007 141013
122235 42341
99589 420574
723549 723550
1024550 1024549
1283995 768801
179333 179334
831048 20066
464574 213285
69441 207419
165006 372180
830889 61788
1383310 79383
876549 1115449
300729 16270
1010240 1156003
1475757 1475758
1113984 1113983
247994 465484
775301 775300
808014 754523
77171 303998
1490591 1278323
59045 58922
723254 316839
1113912 1113913
1108945 1108783
179332 106641
788129 1382734
466341 209284
139738 1283082
698854 618902
179333 9226
420584 433593
225506 225507
363971 1155062
934109 10834
934100 1383670
1258765 1258766
1258765 1258767
723573 723483
139124 1430884
373320 207836
897880 214362
1153962 1153961
1385020 1385019
1153996 1041067
1283943 694016
1155353 1155352
61788 19903
66802 90978
225484 225485
426752 959568
808014 1345855
372181 373163
82711 385564
303433 68602
140216 254035
37174 143907
466508 466507
1284183 1284184
63635 164209
333730 372591
1460007 1460006
236538 980703
595410 595409
266202 33313
723294 723293
179334 106641
19903 372591
1430785 1135123
723551 723549
48827 58855
778410 69279
156533 214560
723524 723525
1382647 1163868
616281 616282
372167 1061990
105637 177211
2556 466490
373291 723602
44564 32804
1467805 1467806
211821 122523
179332 179334
371462 934516
465500 35020
252276 61787
89902 77309
464431 464430
1416590 372949
1416590 372948
402056 2559
529285 93924
1291968 1292313
142926 145597
66545 406848
164214 164213
420719 1383788
876521 1153511
27819 1282107
106603 372288
698855 618902
1024692 461992
1289954 601768
179309 179311
1113942 13783
723551 723548
145916 464872
1024924 1024923
25592 725187
1466136 1466135
477036 66777
1207570 1289667
618479 400396
1411095 1467625
156533 175962
463832 213285
1154777 708805
723084 723414
221612 934516
3712 5426
692089 372157
69050 24757
168657 11680
32927 266859
42845 42830
1112149 1112150
225504 723602
1207502 760364
27734 1029251
1259094 1259093
1490592 1278323
225508 225507
1423012 1385002
19903 33238
1114405 165057
25623 463908
513994 851919
225501 225502
304086 303368
1260038 212117
463804 464430
830952 238598
65865 656624
1113914 1113912
934190 367799
934949 934947
1025006 158263
24776 1029251
1410848 371200
303999 303998
466173 466174
1282368 1410910
753801 753800
1410901 704279
1416920 1258958
1258067 20066
464002 464001
225500 225501
225500 225502
212117 1490554
179310 122235
148642 1155706
775420 547589
144979 373123
122235 179311
1053274 1289837
1112147 370950
466490 303300
464696 463908
464696 463904
1025237 1025234
1046449 1382734
465745 371681
32927 67587
463922 212519
178782 1410889
419074 67064
1155892 1155891
267474 934918
570143 433593
1207479 1207551
137811 1292222
225487 225486
1081958 251291
18574 161454
1220436 1127688
1467764 144214
1258115 1258067
464860 753485
146839 98894
461992 181098
1218586 1284220
466008 314522
1218590 1218588
1218590 1218589
205694 1155352
276354 215630
463631 143659
178782 1410890
465234 464896
1416590 461992
372356 465790
603586 1382736
7595 1491175
1467765 144214
1465225 1465227
1108789 1292320
1283239 1281920
466212 58922
1112149 1112148
934189 211821
1258765 1258808
1258008 1258007
1115304 1382771
1112147 61787
1024672 1024673
530587 1207457
214621 934729
361276 1284435
1289804 1289673
723317 723316
1024967 1024963
1024967 1024965
1024967 1024968
1346101 1115304
433593 1289718
1282096 463738
1111811 1111831
47729 1467920
913349 1153538
934452 347198
372167 249337
821387 1411400
27805 3708
372949 461992
1024987 1024871
1129044 576170
698851 44978
1024770 1024769
1490801 1490802
373123 147160
464759 464023
1346101 213285
723552 723549
537725 373320
1259162 1206585
17403 70340
1212008 464749
1382737 1382736
723251 723252
142926 142927
122235 179309
1111734 1111733
1155790 1155791
211570 212015
1401726 1401727
1155705 1155706
1108773 1108772
934361 200228
27819 1389597
723639 723637
723639 723638
876817 1416590
723283 723282
1138526 760364
147639 1467361
463676 373056
252276 1112147
180977 417286
252701 265226
2556 464391
2556 464390
1155705 148642
1467683 1467682
260369 260371
1218841 1259325
82711 1289931
49783 595409
618693 1423067
723293 372197
225468 225470
227322 225512
1061659 1491236
373160 1416642
419254 465737
419254 465736
372863 253908
1108706 1108705
106598 16612
68221 236753
214362 177211
1218661 1081576
164020 165089
179310 42341
371802 537725
1257924 1244881
1024964 1024967
1024964 1024966
1024964 1024965
1024964 1024963
1024964 1024968
723091 723089
463904 466393
66828 481696
106611 1029251
723364 723366
2556 303300
211010 214813
410159 1284159
1260 144501
1258378 773845
1411400 1411399
4062 595409
372949 181098
179349 1283493
41695 1383354
934109 209454
464167 464166
1082089 420668
273375 231868
121991 145256
1111907 115515
1111817 818766
889769 1082242
934872 934873
145145 145141
145145 145142
145145 145143
1033424 1218955
164020 79064
1258473 831048
225469 192826
1383935 1383934
1257036 837128
464859 465363
321488 439803
1163868 1384434
407 1024968
407 1024965
407 1024967
407 1024963
541798 1467761
313663 425814
10351 934636
465079 466313
465079 466314
402374 336778
897880 215062
1283995 464112
723552 723550
393551 214362
267029 20066
87449 76677
211738 58964
1153674 1153673
1155790 1155789
1097256 266859
1155400 1155401
49260 59175
303549 35091
1081987 64536
213285 225689
414434 1282123
164214 24785
217356 419529
2556 464388
54093 45784
49783 595410
906940 906939
874652 1114698
874652 1114697
1383571 82522
465613 465612
179332 9226
1082090 1082089
788129 1046449
179349 868844
1129023 413926
148642 1155707
375177 934811
934148 1153654
660047 1382709
106603 303966
192826 225470
1114698 1114697
1207493 488906
66300 89762
874638 143875
464369 464368
324082 1383096
959568 1490152
122803 493866
371802 207836
54252 465745
1411107 1411108
1227632 1384471
244414 1112229
303300 464389
831038 831039
359961 1292404
4402 723151
698855 698856
698855 698854
1079607 370950
464090 372210
1163890 1382792
1410889 1410890
1024966 407
488906 1207492
775266 68440
33379 122235
1282368 1410911
372591 142803
372288 371846
165006 1283082
1382737 603586
